1.000000000000000000e+01 nan
1.002305999999999919e+01 nan
1.004617299999999958e+01 nan
1.006934000000000040e+01 nan
1.009256000000000064e+01 nan
1.011583300000000030e+01 nan
1.013916099999999965e+01 nan
1.016254200000000019e+01 nan
1.018597600000000014e+01 nan
1.020946499999999979e+01 nan
1.023300799999999988e+01 nan
1.025660599999999967e+01 nan
1.028025799999999990e+01 nan
1.030396400000000057e+01 nan
1.032772499999999916e+01 nan
1.035154099999999922e+01 nan
1.037541200000000075e+01 nan
1.039933699999999916e+01 nan
1.042331800000000008e+01 nan
1.044735499999999995e+01 nan
1.047144600000000025e+01 nan
1.049559400000000053e+01 nan
1.051979599999999948e+01 nan
1.054405500000000018e+01 nan
1.056836999999999982e+01 nan
1.059274100000000018e+01 nan
1.061716799999999949e+01 nan
1.064165099999999953e+01 nan
1.066619099999999953e+01 nan
1.069078700000000026e+01 nan
1.071543999999999919e+01 nan
1.074014999999999986e+01 nan
1.076491700000000051e+01 nan
1.078974099999999936e+01 nan
1.081462199999999996e+01 nan
1.083956000000000053e+01 nan
1.086455699999999958e+01 nan
1.088960999999999935e+01 nan
1.091472199999999937e+01 nan
1.093989099999999937e+01 nan
1.096511899999999962e+01 nan
1.099040399999999984e+01 nan
1.101574800000000032e+01 nan
1.104115099999999927e+01 nan
1.106661199999999923e+01 nan
1.109213100000000018e+01 nan
1.111771000000000065e+01 nan
1.114334700000000034e+01 nan
1.116904399999999953e+01 nan
1.119480000000000075e+01 nan
1.122061500000000045e+01 nan
1.124648999999999965e+01 nan
1.127242500000000014e+01 nan
1.129841900000000088e+01 nan
1.132447299999999935e+01 nan
1.135058700000000087e+01 nan
1.137676199999999938e+01 nan
1.140299699999999916e+01 nan
1.142929200000000023e+01 nan
1.145564800000000005e+01 nan
1.148206500000000041e+01 nan
1.150854299999999952e+01 nan
1.153508199999999917e+01 nan
1.156168199999999935e+01 nan
1.158834300000000006e+01 nan
1.161506600000000056e+01 nan
1.164184999999999981e+01 nan
1.166869600000000062e+01 nan
1.169560500000000047e+01 nan
1.172257500000000086e+01 nan
1.174960699999999925e+01 nan
1.177670200000000023e+01 nan
1.180385899999999921e+01 nan
1.183107900000000079e+01 nan
1.185836100000000037e+01 nan
1.188570700000000002e+01 nan
1.191311499999999945e+01 nan
1.194058700000000073e+01 nan
1.196812199999999926e+01 nan
1.199572099999999963e+01 nan
1.202338300000000082e+01 nan
1.205110900000000029e+01 nan
1.207889899999999983e+01 nan
1.210675299999999943e+01 nan
1.213467100000000087e+01 nan
1.216265399999999985e+01 nan
1.219070100000000068e+01 nan
1.221881300000000081e+01 nan
1.224698899999999924e+01 nan
1.227523099999999978e+01 nan
1.230353799999999964e+01 nan
1.233191000000000059e+01 nan
1.236034700000000086e+01 nan
1.238884999999999970e+01 nan
1.241741900000000065e+01 nan
1.244605400000000017e+01 nan
1.247475500000000004e+01 nan
1.250352099999999922e+01 nan
1.253235500000000080e+01 nan
1.256125399999999992e+01 nan
1.259022099999999966e+01 nan
1.261925399999999975e+01 nan
1.264835399999999943e+01 nan
1.267752100000000048e+01 nan
1.270675600000000038e+01 nan
1.273605799999999988e+01 nan
1.276542700000000075e+01 nan
1.279486400000000046e+01 nan
1.282436900000000080e+01 nan
1.285394199999999998e+01 nan
1.288358400000000081e+01 nan
1.291329299999999947e+01 nan
1.294307099999999977e+01 nan
1.297291799999999995e+01 nan
1.300283400000000000e+01 nan
1.303281800000000068e+01 nan
1.306287200000000048e+01 nan
1.309299500000000016e+01 nan
1.312318800000000074e+01 nan
1.315344999999999942e+01 nan
1.318378200000000078e+01 nan
1.321418399999999949e+01 nan
1.324465600000000087e+01 nan
1.327519799999999961e+01 nan
1.330581100000000028e+01 nan
1.333649400000000007e+01 nan
1.336724800000000002e+01 nan
1.339807300000000012e+01 nan
1.342896900000000038e+01 nan
1.345993700000000004e+01 nan
1.349097500000000061e+01 nan
1.352208599999999983e+01 nan
1.355326799999999920e+01 nan
1.358452199999999976e+01 nan
1.361584799999999973e+01 nan
1.364724600000000088e+01 nan
1.367871599999999965e+01 nan
1.371025999999999989e+01 nan
1.374187599999999954e+01 nan
1.377356499999999961e+01 nan
1.380532600000000087e+01 nan
1.383716199999999930e+01 nan
1.386907000000000068e+01 nan
1.390105199999999996e+01 nan
1.393310800000000071e+01 nan
1.396523799999999937e+01 nan
1.399744199999999950e+01 nan
1.402971999999999930e+01 nan
1.406207299999999982e+01 nan
1.409450000000000003e+01 nan
1.412700199999999917e+01 nan
1.415957900000000080e+01 nan
1.419223099999999960e+01 nan
1.422495900000000013e+01 nan
1.425776199999999960e+01 nan
1.429063999999999979e+01 nan
1.432359399999999994e+01 nan
1.435662499999999930e+01 nan
1.438973099999999938e+01 nan
1.442291400000000046e+01 nan
1.445617299999999972e+01 nan
1.448950999999999922e+01 nan
1.452292199999999944e+01 nan
1.455641199999999991e+01 nan
1.458998000000000062e+01 nan
1.462362399999999951e+01 nan
1.465734600000000043e+01 nan
1.469114599999999982e+01 nan
1.472502399999999945e+01 nan
1.475897999999999932e+01 nan
1.479301500000000047e+01 nan
1.482712700000000083e+01 nan
1.486131899999999995e+01 nan
1.489558899999999930e+01 nan
1.492993899999999918e+01 nan
1.496436699999999931e+01 nan
1.499887499999999996e+01 nan
1.503346299999999935e+01 nan
1.506813000000000002e+01 nan
1.510287699999999944e+01 nan
1.513770399999999938e+01 nan
1.517261200000000088e+01 nan
1.520759999999999934e+01 nan
1.524266899999999936e+01 nan
1.527781899999999915e+01 nan
1.531305000000000049e+01 nan
1.534836199999999984e+01 nan
1.538375500000000073e+01 nan
1.541923000000000066e+01 nan
1.545478699999999961e+01 nan
1.549042599999999936e+01 nan
1.552614699999999992e+01 nan
1.556194999999999951e+01 nan
1.559783599999999915e+01 nan
1.563380500000000062e+01 nan
1.566985700000000037e+01 nan
1.570599099999999915e+01 nan
1.574221000000000004e+01 nan
1.577851099999999995e+01 nan
1.581489700000000020e+01 nan
1.585136600000000051e+01 nan
1.588791900000000012e+01 nan
1.592455700000000007e+01 nan
1.596127899999999933e+01 nan
1.599808600000000069e+01 nan
1.603497799999999884e+01 nan
1.607195400000000163e+01 nan
1.610901600000000045e+01 nan
1.614616399999999885e+01 nan
1.618339699999999937e+01 nan
1.622071599999999947e+01 nan
1.625812099999999916e+01 nan
1.629561299999999946e+01 nan
1.633318999999999832e+01 nan
1.637085499999999882e+01 nan
1.640860599999999891e+01 nan
1.644644500000000065e+01 nan
1.648436999999999841e+01 nan
1.652238300000000137e+01 nan
1.656048399999999887e+01 nan
1.659867300000000157e+01 nan
1.663694900000000132e+01 nan
1.667531400000000019e+01 nan
1.671376800000000173e+01 nan
1.675231000000000137e+01 nan
1.679094100000000012e+01 nan
1.682966100000000154e+01 nan
1.686846999999999852e+01 nan
1.690736899999999920e+01 nan
1.694635699999999900e+01 nan
1.698543599999999998e+01 nan
1.702460400000000007e+01 nan
1.706386300000000134e+01 nan
1.710321300000000022e+01 nan
1.714265299999999925e+01 nan
1.718218399999999946e+01 nan
1.722180600000000084e+01 nan
1.726152000000000086e+01 nan
1.730132499999999851e+01 nan
1.734122199999999836e+01 nan
1.738121100000000041e+01 nan
1.742129200000000111e+01 nan
1.746146600000000149e+01 nan
1.750173200000000051e+01 nan
1.754209099999999921e+01 nan
1.758254300000000114e+01 nan
1.762308900000000023e+01 nan
1.766372799999999899e+01 nan
1.770446000000000097e+01 nan
1.774528700000000114e+01 nan
1.778620799999999846e+01 nan
1.782722300000000004e+01 nan
1.786833299999999980e+01 nan
1.790953700000000026e+01 nan
1.795083699999999993e+01 nan
1.799223100000000031e+01 nan
1.803372200000000092e+01 nan
1.807530799999999971e+01 nan
1.811698900000000023e+01 nan
1.815876700000000099e+01 nan
1.820064199999999843e+01 nan
1.824261200000000116e+01 nan
1.828468000000000160e+01 nan
1.832684499999999872e+01 nan
1.836910599999999860e+01 nan
1.841146600000000078e+01 nan
1.845392299999999963e+01 nan
1.849647799999999975e+01 nan
1.853913100000000114e+01 nan
1.858188200000000023e+01 nan
1.862473200000000162e+01 nan
1.866768100000000175e+01 nan
1.871072799999999958e+01 nan
1.875387600000000177e+01 nan
1.879712200000000166e+01 nan
1.884046800000000133e+01 nan
1.888391499999999823e+01 nan
1.892746100000000098e+01 nan
1.897110800000000097e+01 nan
1.901485600000000176e+01 nan
1.905870399999999876e+01 nan
1.910265300000000011e+01 nan
1.914670399999999972e+01 nan
1.919085700000000116e+01 nan
1.923511099999999985e+01 nan
1.927946700000000035e+01 nan
1.932392600000000016e+01 nan
1.936848699999999823e+01 nan
1.941315099999999916e+01 nan
1.945791799999999938e+01 nan
1.950278799999999890e+01 nan
1.954776199999999875e+01 nan
1.959283900000000145e+01 nan
1.963802000000000092e+01 nan
1.968330500000000072e+01 nan
1.972869499999999832e+01 nan
1.977419000000000082e+01 nan
1.981978900000000010e+01 nan
1.986549400000000176e+01 nan
1.991130400000000122e+01 nan
1.995721899999999849e+01 nan
2.000324099999999916e+01 nan
2.004936899999999866e+01 nan
2.009560300000000055e+01 nan
2.014194300000000126e+01 nan
2.018839099999999931e+01 nan
2.023494499999999974e+01 nan
2.028160700000000105e+01 nan
2.032837699999999970e+01 nan
2.037525400000000175e+01 nan
2.042223999999999862e+01 nan
2.046933299999999889e+01 nan
2.051653599999999855e+01 nan
2.056384699999999910e+01 nan
2.061126799999999903e+01 nan
2.065879699999999985e+01 nan
2.070643700000000109e+01 nan
2.075418600000000069e+01 nan
2.080204499999999967e+01 nan
2.085001499999999908e+01 nan
2.089809500000000142e+01 nan
2.094628600000000063e+01 nan
2.099458900000000128e+01 nan
2.104300200000000132e+01 nan
2.109152800000000028e+01 nan
2.114016499999999965e+01 nan
2.118891400000000047e+01 nan
2.123777600000000021e+01 nan
2.128675000000000139e+01 nan
2.133583799999999897e+01 nan
2.138503899999999902e+01 nan
2.143435300000000154e+01 nan
2.148377999999999943e+01 nan
2.153332199999999830e+01 nan
2.158297800000000066e+01 nan
2.163274900000000045e+01 nan
2.168263400000000019e+01 nan
2.173263400000000090e+01 nan
2.178275000000000006e+01 nan
2.183298100000000019e+01 nan
2.188332799999999878e+01 nan
2.193379099999999937e+01 nan
2.198437099999999944e+01 nan
2.203506700000000151e+01 nan
2.208587999999999951e+01 nan
2.213681000000000054e+01 nan
2.218785799999999853e+01 nan
2.223902299999999954e+01 nan
2.229030600000000106e+01 nan
2.234170800000000057e+01 nan
2.239322800000000058e+01 nan
2.244486699999999857e+01 nan
2.249662500000000165e+01 nan
2.254850300000000018e+01 nan
2.260050000000000026e+01 nan
2.265261699999999934e+01 nan
2.270485400000000098e+01 nan
2.275721100000000163e+01 nan
2.280968899999999877e+01 nan
2.286228900000000053e+01 nan
2.291500900000000129e+01 nan
2.296785200000000060e+01 nan
2.302081599999999995e+01 nan
2.307390200000000036e+01 nan
2.312710999999999828e+01 nan
2.318044199999999933e+01 nan
2.323389600000000144e+01 nan
2.328747399999999956e+01 nan
2.334117499999999978e+01 nan
2.339499999999999957e+01 nan
2.344894899999999893e+01 nan
2.350302200000000141e+01 nan
2.355722000000000094e+01 nan
2.361154300000000106e+01 nan
2.366599199999999925e+01 nan
2.372056600000000159e+01 nan
2.377526500000000098e+01 nan
2.383009099999999947e+01 nan
2.388504400000000061e+01 nan
2.394012299999999982e+01 nan
2.399532900000000168e+01 nan
2.405066199999999910e+01 nan
2.410612300000000019e+01 nan
2.416171200000000141e+01 nan
2.421742899999999921e+01 nan
2.427327500000000171e+01 nan
2.432924900000000079e+01 nan
2.438535299999999850e+01 nan
2.444158600000000092e+01 nan
2.449794800000000095e+01 nan
2.455444100000000063e+01 nan
2.461106300000000147e+01 nan
2.466781699999999944e+01 nan
2.472470099999999960e+01 nan
2.478171599999999941e+01 nan
2.483886299999999991e+01 nan
2.489614200000000110e+01 nan
2.495355199999999840e+01 nan
2.501109500000000097e+01 nan
2.506877100000000169e+01 nan
2.512658000000000058e+01 nan
2.518452200000000119e+01 nan
2.524259800000000098e+01 nan
2.530080699999999894e+01 nan
2.535915100000000066e+01 nan
2.541762999999999906e+01 nan
2.547624300000000019e+01 nan
2.553499100000000155e+01 nan
2.559387500000000060e+01 nan
2.565289500000000089e+01 nan
2.571205000000000140e+01 nan
2.577134300000000167e+01 nan
2.583077199999999962e+01 nan
2.589033799999999985e+01 nan
2.595004099999999880e+01 nan
2.600988200000000106e+01 nan
2.606986099999999951e+01 nan
2.612997800000000126e+01 nan
2.619023400000000024e+01 nan
2.625062899999999999e+01 nan
2.631116300000000052e+01 nan
2.637183699999999931e+01 nan
2.643264999999999887e+01 nan
2.649360400000000126e+01 nan
2.655469899999999939e+01 nan
2.661593399999999932e+01 nan
2.667731099999999955e+01 nan
2.673882899999999907e+01 nan
2.680048899999999890e+01 nan
2.686229099999999903e+01 nan
2.692423600000000050e+01 nan
2.698632299999999873e+01 nan
2.704855399999999932e+01 nan
2.711092800000000125e+01 nan
2.717344599999999843e+01 nan
2.723610800000000154e+01 nan
2.729891500000000093e+01 nan
2.736186599999999913e+01 nan
2.742496300000000176e+01 nan
2.748820500000000067e+01 nan
2.755159300000000044e+01 nan
2.761512700000000109e+01 nan
2.767880800000000008e+01 nan
2.774263600000000096e+01 nan
2.780660999999999916e+01 nan
2.787073200000000028e+01 nan
2.793500299999999825e+01 nan
2.799942100000000167e+01 nan
2.806398799999999838e+01 nan
2.812870399999999904e+01 nan
2.819356900000000010e+01 nan
2.825858300000000156e+01 nan
2.832374799999999837e+01 nan
2.838906199999999913e+01 nan
2.845452799999999982e+01 nan
2.852014399999999839e+01 nan
2.858591200000000043e+01 nan
2.865183100000000138e+01 nan
2.871790299999999974e+01 nan
2.878412600000000054e+01 nan
2.885050299999999979e+01 nan
2.891703199999999896e+01 nan
2.898371500000000012e+01 nan
2.905055199999999971e+01 nan
2.911754300000000129e+01 nan
2.918468800000000130e+01 nan
2.925198800000000077e+01 nan
2.931944299999999970e+01 nan
2.938705399999999912e+01 nan
2.945482099999999903e+01 nan
2.952274399999999943e+01 nan
2.959082400000000135e+01 nan
2.965906000000000020e+01 nan
2.972745400000000160e+01 nan
2.979600599999999844e+01 nan
2.986471600000000137e+01 nan
2.993358399999999975e+01 nan
3.000261100000000170e+01 nan
3.007179700000000011e+01 nan
3.014114299999999957e+01 nan
3.021064900000000009e+01 nan
3.028031500000000165e+01 nan
3.035014200000000173e+01 nan
3.042012899999999931e+01 nan
3.049027799999999999e+01 nan
3.056058900000000023e+01 nan
3.063106200000000001e+01 nan
3.070169699999999935e+01 nan
3.077249600000000029e+01 nan
3.084345700000000079e+01 nan
3.091458300000000037e+01 nan
3.098587200000000053e+01 nan
3.105732599999999977e+01 nan
3.112894400000000061e+01 nan
3.120072800000000157e+01 nan
3.127267700000000161e+01 nan
3.134479200000000176e+01 nan
3.141707299999999847e+01 nan
3.148952099999999987e+01 nan
3.156213599999999886e+01 nan
3.163491900000000001e+01 nan
3.170786899999999875e+01 nan
3.178098800000000068e+01 nan
3.185427500000000123e+01 nan
3.192773100000000142e+01 nan
3.200135699999999872e+01 nan
3.207515200000000277e+01 nan
3.214911800000000142e+01 nan
3.222325399999999718e+01 nan
3.229756100000000174e+01 nan
3.237203900000000090e+01 nan
3.244668899999999923e+01 nan
3.252151200000000131e+01 nan
3.259650599999999798e+01 nan
3.267167400000000299e+01 nan
3.274701499999999754e+01 nan
3.282253000000000043e+01 nan
3.289821899999999744e+01 nan
3.297408300000000025e+01 nan
3.305012099999999720e+01 nan
3.312633499999999742e+01 nan
3.320272500000000093e+01 nan
3.327929000000000315e+01 nan
3.335603299999999649e+01 nan
3.343295200000000023e+01 nan
3.351004900000000220e+01 nan
3.358732299999999782e+01 nan
3.366477600000000336e+01 nan
3.374240700000000004e+01 nan
3.382021699999999953e+01 nan
3.389820699999999931e+01 nan
3.397637600000000191e+01 nan
3.405472600000000227e+01 nan
3.413325700000000040e+01 nan
3.421196799999999882e+01 nan
3.429086099999999959e+01 nan
3.436993600000000271e+01 nan
3.444919399999999854e+01 nan
3.452863399999999672e+01 nan
3.460825700000000182e+01 nan
3.468806399999999712e+01 nan
3.476805499999999682e+01 nan
3.484823000000000093e+01 nan
3.492858999999999980e+01 nan
3.500913599999999803e+01 nan
3.508986699999999814e+01 nan
3.517078500000000219e+01 nan
3.525188899999999848e+01 nan
3.533317999999999870e+01 nan
3.541465900000000033e+01 nan
3.549632499999999879e+01 nan
3.557818000000000325e+01 nan
3.566022399999999948e+01 nan
3.574245599999999712e+01 nan
3.582487900000000280e+01 nan
3.590749100000000027e+01 nan
3.599029399999999868e+01 nan
3.607328799999999802e+01 nan
3.615647299999999831e+01 nan
3.623984999999999701e+01 nan
3.632341999999999871e+01 nan
3.640718199999999882e+01 nan
3.649113700000000193e+01 nan
3.657528599999999841e+01 nan
3.665962900000000246e+01 nan
3.674416599999999988e+01 nan
3.682889800000000236e+01 nan
3.691382600000000025e+01 nan
3.699895000000000067e+01 nan
3.708426999999999651e+01 nan
3.716978600000000199e+01 nan
3.725549999999999784e+01 nan
3.734141199999999827e+01 nan
3.742752099999999871e+01 nan
3.751382900000000120e+01 nan
3.760033599999999865e+01 nan
3.768704300000000273e+01 nan
3.777394999999999925e+01 nan
3.786105700000000240e+01 nan
3.794836500000000257e+01 nan
3.803587399999999974e+01 nan
3.812358499999999850e+01 nan
3.821149799999999885e+01 nan
3.829961399999999827e+01 nan
3.838793299999999675e+01 nan
3.847645599999999888e+01 nan
3.856518299999999755e+01 nan
3.865411499999999734e+01 nan
3.874325100000000077e+01 nan
3.883259400000000028e+01 nan
3.892214200000000091e+01 nan
3.901189699999999760e+01 nan
3.910185800000000000e+01 nan
3.919202800000000053e+01 nan
3.928240499999999713e+01 nan
3.937299000000000149e+01 nan
3.946378500000000145e+01 nan
3.955478800000000206e+01 nan
3.964600200000000285e+01 nan
3.973742599999999925e+01 nan
3.982906100000000293e+01 nan
3.992090699999999970e+01 nan
4.001296500000000123e+01 nan
4.010523500000000041e+01 nan
4.019771800000000184e+01 nan
4.029041399999999840e+01 nan
4.038332400000000177e+01 nan
4.047644900000000234e+01 nan
4.056978800000000263e+01 nan
4.066334200000000010e+01 nan
4.075711199999999934e+01 nan
4.085109800000000035e+01 nan
4.094530100000000061e+01 nan
4.103972100000000012e+01 nan
4.113435900000000345e+01 nan
4.122921500000000350e+01 nan
4.132428999999999775e+01 nan
4.141958400000000040e+01 nan
4.151509800000000183e+01 nan
4.161083200000000204e+01 nan
4.170678699999999850e+01 nan
4.180296299999999832e+01 nan
4.189936099999999897e+01 nan
4.199598199999999792e+01 nan
4.209282499999999771e+01 nan
4.218989100000000292e+01 nan
4.228718099999999680e+01 nan
4.238469599999999815e+01 nan
4.248243500000000239e+01 nan
4.258039999999999736e+01 nan
4.267859099999999728e+01 nan
4.277700800000000214e+01 nan
4.287565200000000232e+01 nan
4.297452400000000239e+01 nan
4.307362299999999777e+01 nan
4.317295099999999763e+01 nan
4.327250800000000197e+01 nan
4.337229500000000115e+01 nan
4.347231200000000229e+01 nan
4.357255899999999826e+01 nan
4.367303799999999825e+01 nan
4.377374799999999766e+01 nan
4.387469099999999855e+01 nan
4.397586600000000345e+01 nan
4.407727500000000020e+01 nan
4.417891800000000302e+01 nan
4.428079499999999769e+01 nan
4.438290599999999841e+01 nan
4.448525399999999763e+01 nan
4.458783700000000039e+01 nan
4.469065700000000163e+01 nan
4.479371400000000136e+01 nan
4.489700899999999706e+01 nan
4.500054099999999835e+01 nan
4.510431299999999766e+01 nan
4.520832399999999751e+01 nan
4.531257500000000249e+01 nan
4.541706599999999838e+01 nan
4.552179799999999688e+01 nan
4.562677200000000255e+01 nan
4.573198699999999661e+01 nan
4.583744599999999991e+01 nan
4.594314700000000329e+01 nan
4.604909200000000169e+01 nan
4.615528199999999970e+01 nan
4.626171599999999984e+01 nan
4.636839599999999706e+01 nan
4.647532199999999847e+01 nan
4.658249399999999696e+01 nan
4.668991400000000169e+01 nan
4.679758100000000098e+01 nan
4.690549699999999689e+01 nan
4.701366099999999904e+01 nan
4.712207500000000238e+01 nan
4.723073899999999981e+01 nan
4.733965400000000301e+01 nan
4.744881900000000030e+01 nan
4.755823600000000084e+01 nan
4.766790600000000211e+01 nan
4.777782899999999700e+01 nan
4.788800499999999971e+01 nan
4.799843500000000063e+01 nan
4.810911999999999722e+01 nan
4.822005999999999659e+01 nan
4.833125499999999874e+01 nan
4.844270800000000321e+01 nan
4.855441700000000083e+01 nan
4.866638400000000075e+01 nan
4.877860900000000299e+01 nan
4.889109299999999791e+01 nan
4.900383599999999973e+01 nan
4.911683899999999880e+01 nan
4.923010299999999972e+01 nan
4.934362800000000249e+01 nan
4.945741499999999746e+01 nan
4.957146399999999886e+01 nan
4.968577599999999705e+01 nan
4.980035199999999662e+01 nan
4.991519199999999756e+01 nan
5.003029699999999735e+01 nan
5.014566700000000310e+01 nan
5.026130299999999806e+01 nan
5.037720600000000104e+01 nan
5.049337599999999782e+01 nan
5.060981400000000008e+01 nan
5.072652099999999820e+01 nan
5.084349699999999928e+01 nan
5.096074200000000332e+01 nan
5.107825799999999816e+01 nan
5.119604499999999803e+01 nan
5.131410300000000291e+01 nan
5.143243400000000065e+01 nan
5.155103799999999836e+01 nan
5.166991500000000315e+01 nan
5.178906599999999827e+01 nan
5.190849200000000252e+01 nan
5.202819300000000169e+01 nan
5.214817099999999783e+01 nan
5.226842500000000058e+01 nan
5.238895600000000030e+01 nan
5.250976599999999905e+01 nan
5.263085399999999936e+01 nan
5.275222099999999870e+01 nan
5.287386800000000164e+01 nan
5.299579500000000110e+01 nan
5.311800399999999911e+01 nan
5.324049500000000279e+01 nan
5.336326799999999793e+01 nan
5.348632400000000331e+01 nan
5.360966299999999762e+01 nan
5.373328800000000172e+01 nan
5.385719699999999932e+01 nan
5.398139199999999960e+01 nan
5.410587400000000002e+01 nan
5.423064200000000312e+01 nan
5.435569900000000132e+01 nan
5.448104299999999967e+01 nan
5.460667699999999769e+01 nan
5.473259999999999792e+01 nan
5.485881400000000241e+01 nan
5.498531899999999695e+01 nan
5.511211600000000033e+01 nan
5.523920499999999834e+01 nan
5.536658700000000266e+01 nan
5.549426199999999909e+01 nan
5.562223300000000137e+01 nan
5.575049800000000033e+01 nan
5.587905899999999804e+01 nan
5.600791600000000159e+01 nan
5.613707099999999883e+01 nan
5.626652399999999687e+01 nan
5.639627500000000282e+01 nan
5.652632499999999993e+01 nan
5.665667499999999990e+01 nan
5.678732600000000019e+01 nan
5.691827800000000082e+01 nan
5.704953199999999924e+01 nan
5.718108800000000258e+01 nan
5.731294799999999867e+01 nan
5.744511299999999920e+01 nan
5.757758100000000212e+01 nan
5.771035599999999732e+01 nan
5.784343599999999697e+01 nan
5.797682400000000058e+01 nan
5.811051899999999648e+01 nan
5.824452200000000346e+01 nan
5.837883399999999767e+01 nan
5.851345599999999791e+01 nan
5.864838900000000166e+01 nan
5.878363199999999722e+01 nan
5.891918799999999834e+01 nan
5.905505600000000044e+01 nan
5.919123700000000099e+01 nan
5.932773300000000205e+01 nan
5.946454299999999904e+01 nan
5.960166900000000112e+01 nan
5.973911100000000118e+01 nan
5.987686999999999671e+01 nan
6.001494600000000190e+01 nan
6.015334099999999751e+01 nan
6.029205499999999773e+01 nan
6.043108900000000006e+01 nan
6.057044299999999737e+01 nan
6.071011899999999883e+01 nan
6.085011699999999735e+01 nan
6.099043799999999749e+01 nan
6.113108299999999673e+01 nan
6.127205099999999760e+01 nan
6.141334499999999963e+01 nan
6.155496500000000282e+01 nan
6.169691100000000006e+01 nan
6.183918500000000051e+01 nan
6.198178599999999960e+01 nan
6.212471699999999686e+01 nan
6.226797700000000191e+01 nan
6.241156699999999802e+01 nan
6.255548900000000145e+01 nan
6.269974200000000053e+01 nan
6.284432799999999730e+01 nan
6.298924800000000346e+01 nan
6.313450100000000020e+01 nan
6.328009000000000128e+01 nan
6.342601400000000211e+01 nan
6.357227499999999765e+01 nan
6.371887399999999957e+01 nan
6.386581000000000330e+01 nan
6.401308500000000379e+01 nan
6.416069899999999393e+01 nan
6.430865500000000168e+01 nan
6.445695100000000366e+01 nan
6.460558899999999483e+01 nan
6.475457000000000107e+01 nan
6.490389399999999398e+01 nan
6.505356299999999692e+01 nan
6.520357699999999568e+01 nan
6.535393700000000194e+01 nan
6.550464399999999898e+01 nan
6.565569800000000100e+01 nan
6.580710100000000295e+01 nan
6.595885199999999315e+01 nan
6.611095400000000666e+01 nan
6.626340600000000336e+01 nan
6.641621000000000663e+01 nan
6.656936699999999973e+01 nan
6.672287599999999941e+01 nan
6.687673999999999808e+01 nan
6.703095799999999826e+01 nan
6.718553199999999492e+01 nan
6.734046200000000226e+01 nan
6.749575000000000102e+01 nan
6.765139499999999373e+01 nan
6.780740000000000123e+01 nan
6.796376399999999762e+01 nan
6.812048900000000629e+01 nan
6.827757599999999627e+01 nan
6.843502399999999852e+01 nan
6.859283600000000547e+01 nan
6.875101200000000290e+01 nan
6.890955200000000502e+01 nan
6.906845800000000679e+01 nan
6.922772999999999399e+01 nan
6.938737000000000421e+01 nan
6.954737799999999481e+01 nan
6.970775500000000591e+01 nan
6.986850099999999486e+01 nan
7.002961899999999673e+01 nan
7.019110700000000236e+01 nan
7.035296900000000164e+01 nan
7.051520299999999963e+01 nan
7.067781200000000297e+01 nan
7.084079499999999996e+01 nan
7.100415499999999724e+01 nan
7.116789099999999735e+01 nan
7.133200399999999775e+01 nan
7.149649700000000507e+01 nan
7.166136799999999596e+01 nan
7.182662000000000546e+01 nan
7.199225199999999347e+01 nan
7.215826699999999505e+01 nan
7.232466499999999598e+01 nan
7.249144599999999627e+01 nan
7.265861200000000508e+01 nan
7.282616299999999399e+01 nan
7.299410100000000057e+01 nan
7.316242599999999641e+01 nan
7.333113899999999319e+01 nan
7.350024100000000260e+01 nan
7.366973299999999369e+01 nan
7.383961600000000658e+01 nan
7.400989099999999610e+01 nan
7.418055800000000488e+01 nan
7.435161899999999946e+01 nan
7.452307399999999404e+01 nan
7.469492499999999779e+01 nan
7.486717199999999650e+01 nan
7.503981699999999933e+01 nan
7.521285899999999458e+01 nan
7.538630000000000564e+01 nan
7.556014199999999903e+01 nan
7.573438400000000570e+01 nan
7.590902800000000639e+01 nan
7.608407499999999857e+01 nan
7.625952499999999645e+01 nan
7.643537999999999499e+01 nan
7.661164100000000587e+01 nan
7.678830800000000067e+01 nan
7.696538200000000529e+01 nan
7.714286500000000046e+01 nan
7.732075700000000040e+01 nan
7.749906000000000006e+01 nan
7.767777300000000196e+01 nan
7.785689800000000105e+01 nan
7.803643700000000649e+01 nan
7.821639000000000408e+01 nan
7.839675699999999381e+01 nan
7.857754099999999653e+01 nan
7.875874100000000055e+01 nan
7.894035900000000083e+01 nan
7.912239700000000653e+01 nan
7.930485299999999427e+01 nan
7.948773099999999658e+01 nan
7.967103000000000179e+01 nan
7.985475200000000484e+01 nan
8.003889800000000321e+01 nan
8.022346799999999689e+01 nan
8.040846399999999505e+01 nan
8.059388699999999517e+01 nan
8.077973699999999724e+01 nan
8.096601599999999621e+01 nan
8.115272400000000630e+01 nan
8.133986299999999403e+01 nan
8.152743300000000204e+01 nan
8.171543599999999685e+01 nan
8.190387200000000689e+01 nan
8.209274299999999869e+01 nan
8.228204999999999814e+01 nan
8.247179300000000524e+01 nan
8.266197300000000325e+01 nan
8.285259200000000135e+01 nan
8.304365099999999700e+01 nan
8.323515000000000441e+01 nan
8.342709100000000433e+01 nan
8.361947499999999422e+01 nan
8.381230200000000252e+01 nan
8.400557399999999575e+01 nan
8.419929100000000233e+01 nan
8.439345600000000047e+01 nan
8.458806699999999523e+01 nan
8.478312800000000493e+01 nan
8.497863900000000115e+01 nan
8.517459999999999809e+01 nan
8.537101300000000492e+01 nan
8.556788000000000238e+01 nan
8.576519999999999300e+01 nan
8.596297500000000014e+01 nan
8.616120600000000707e+01 nan
8.635989499999999452e+01 nan
8.655904099999999346e+01 nan
8.675864699999999630e+01 nan
8.695871300000000303e+01 nan
8.715924099999999441e+01 nan
8.736023099999999886e+01 nan
8.756168399999999963e+01 nan
8.776360200000000589e+01 nan
8.796598500000000342e+01 nan
8.816883599999999888e+01 nan
8.837215399999999477e+01 nan
8.857594000000000278e+01 nan
8.878019700000000114e+01 nan
8.898492500000000405e+01 nan
8.919012499999999477e+01 nan
8.939579799999999921e+01 nan
8.960194500000000062e+01 nan
8.980856799999999396e+01 nan
9.001566699999999344e+01 nan
9.022324399999999400e+01 nan
9.043129999999999313e+01 nan
9.063983500000000504e+01 nan
9.084885099999999625e+01 nan
9.105834900000000687e+01 nan
9.126833100000000343e+01 nan
9.147879600000000266e+01 nan
9.168974699999999700e+01 nan
9.190118400000000065e+01 nan
9.211310899999999435e+01 nan
9.232552200000000653e+01 nan
9.253842600000000118e+01 nan
9.275181999999999505e+01 nan
9.296570699999999476e+01 nan
9.318008600000000285e+01 nan
9.339495999999999754e+01 nan
9.361033000000000470e+01 nan
9.382619599999999593e+01 nan
9.404255999999999460e+01 nan
9.425942299999999818e+01 nan
9.447678600000000415e+01 nan
9.469464999999999577e+01 nan
9.491301599999999894e+01 nan
9.513188599999999440e+01 nan
9.535126099999999383e+01 nan
9.557114199999999471e+01 nan
9.579152999999999452e+01 nan
9.601242600000000493e+01 nan
9.623383099999999502e+01 nan
9.645574700000000234e+01 nan
9.667817499999999598e+01 nan
9.690111500000000433e+01 nan
9.712457000000000562e+01 nan
9.734853999999999985e+01 nan
9.757302699999999618e+01 nan
9.779803099999999461e+01 nan
9.802355400000000429e+01 nan
9.824959699999999430e+01 nan
9.847616100000000472e+01 nan
9.870324800000000209e+01 nan
9.893085800000000063e+01 nan
9.915899400000000696e+01 nan
9.938765499999999520e+01 nan
9.961684400000000039e+01 nan
9.984656099999999412e+01 nan
1.000768099999999947e+02 nan
1.003075900000000047e+02 nan
1.005388999999999982e+02 nan
1.007707400000000035e+02 nan
1.010031199999999956e+02 nan
1.012360299999999995e+02 nan
1.014694800000000043e+02 nan
1.017034699999999958e+02 nan
1.019380000000000024e+02 nan
1.021730699999999956e+02 nan
1.024086800000000039e+02 nan
1.026448400000000021e+02 nan
1.028815400000000011e+02 nan
1.031187800000000010e+02 nan
1.033565799999999939e+02 nan
1.035949200000000019e+02 nan
1.038338099999999997e+02 nan
1.040732500000000016e+02 nan
1.043132399999999933e+02 nan
1.045537900000000064e+02 nan
1.047948899999999952e+02 nan
1.050365500000000054e+02 nan
1.052787600000000054e+02 nan
1.055215400000000017e+02 nan
1.057648700000000019e+02 nan
1.060087699999999984e+02 nan
1.062532199999999989e+02 nan
1.064982399999999956e+02 nan
1.067438300000000027e+02 nan
1.069899800000000027e+02 nan
1.072366999999999990e+02 nan
1.074839900000000057e+02 nan
1.077318499999999943e+02 nan
1.079802799999999934e+02 nan
1.082292800000000028e+02 nan
1.084788599999999974e+02 nan
1.087290100000000024e+02 nan
1.089797400000000067e+02 nan
1.092310499999999962e+02 nan
1.094829399999999993e+02 nan
1.097354100000000017e+02 nan
1.099884600000000034e+02 nan
1.102420900000000046e+02 nan
1.104963099999999940e+02 nan
1.107511200000000002e+02 nan
1.110065100000000058e+02 nan
1.112624899999999997e+02 nan
1.115190599999999961e+02 nan
1.117762299999999982e+02 nan
1.120339799999999997e+02 nan
1.122923399999999958e+02 nan
1.125512800000000055e+02 nan
1.128108299999999957e+02 nan
1.130709700000000026e+02 nan
1.133317100000000011e+02 nan
1.135930599999999941e+02 nan
1.138550000000000040e+02 nan
1.141175499999999943e+02 nan
1.143807099999999934e+02 nan
1.146444699999999983e+02 nan
1.149088399999999979e+02 nan
1.151738200000000063e+02 nan
1.154394199999999984e+02 nan
1.157056199999999961e+02 nan
1.159724400000000060e+02 nan
1.162398699999999963e+02 nan
1.165079199999999986e+02 nan
1.167765899999999988e+02 nan
1.170458799999999968e+02 nan
1.173157900000000069e+02 nan
1.175863200000000006e+02 nan
1.178574700000000064e+02 nan
1.181292499999999990e+02 nan
1.184016600000000068e+02 nan
1.186746899999999982e+02 nan
1.189483599999999939e+02 nan
1.192226500000000016e+02 nan
1.194975799999999992e+02 nan
1.197731399999999979e+02 nan
1.200493400000000008e+02 nan
1.203261799999999937e+02 nan
1.206036500000000018e+02 nan
1.208817599999999999e+02 nan
1.211605200000000053e+02 nan
1.214399099999999976e+02 nan
1.217199600000000004e+02 nan
1.220006400000000042e+02 nan
1.222819800000000043e+02 nan
1.225639599999999945e+02 nan
1.228465900000000062e+02 nan
1.231298800000000000e+02 nan
1.234138200000000012e+02 nan
1.236984099999999955e+02 nan
1.239836600000000004e+02 nan
1.242695700000000016e+02 nan
1.245561299999999960e+02 nan
1.248433600000000041e+02 nan
1.251312499999999943e+02 nan
1.254198099999999982e+02 nan
1.257090199999999953e+02 nan
1.259989099999999951e+02 nan
1.262894600000000054e+02 nan
1.265806900000000041e+02 nan
1.268725900000000024e+02 nan
1.271651499999999970e+02 nan
1.274583999999999975e+02 nan
1.277523199999999974e+02 nan
1.280469200000000001e+02 nan
1.283421899999999880e+02 nan
1.286381499999999960e+02 nan
1.289347899999999925e+02 nan
1.292321200000000090e+02 nan
1.295301300000000140e+02 nan
1.298288200000000074e+02 nan
1.301282099999999957e+02 nan
1.304282900000000041e+02 nan
1.307290600000000040e+02 nan
1.310305199999999957e+02 nan
1.313326800000000105e+02 nan
1.316355299999999886e+02 nan
1.319390799999999899e+02 nan
1.322433299999999861e+02 nan
1.325482900000000086e+02 nan
1.328539499999999975e+02 nan
1.331603100000000097e+02 nan
1.334673799999999915e+02 nan
1.337751499999999965e+02 nan
1.340836400000000026e+02 nan
1.343928400000000067e+02 nan
1.347027500000000089e+02 nan
1.350133700000000090e+02 nan
1.353247200000000134e+02 nan
1.356367799999999875e+02 nan
1.359495599999999911e+02 nan
1.362630599999999959e+02 nan
1.365772800000000018e+02 nan
1.368922300000000121e+02 nan
1.372078999999999951e+02 nan
1.375243100000000140e+02 nan
1.378414400000000057e+02 nan
1.381593000000000018e+02 nan
1.384779000000000053e+02 nan
1.387972300000000132e+02 nan
1.391173000000000002e+02 nan
1.394380999999999915e+02 nan
1.397596499999999935e+02 nan
1.400819299999999998e+02 nan
1.404049599999999884e+02 nan
1.407287399999999877e+02 nan
1.410532599999999945e+02 nan
1.413785300000000120e+02 nan
1.417045500000000118e+02 nan
1.420313199999999938e+02 nan
1.423588499999999897e+02 nan
1.426871299999999962e+02 nan
1.430161699999999882e+02 nan
1.433459599999999909e+02 nan
1.436765200000000107e+02 nan
1.440078399999999874e+02 nan
1.443399200000000064e+02 nan
1.446727700000000141e+02 nan
1.450063900000000103e+02 nan
1.453407699999999920e+02 nan
1.456759299999999939e+02 nan
1.460118600000000129e+02 nan
1.463485599999999920e+02 nan
1.466860399999999913e+02 nan
1.470243000000000109e+02 nan
1.473633399999999938e+02 nan
1.477031599999999969e+02 nan
1.480437699999999950e+02 nan
1.483851600000000133e+02 nan
1.487273399999999981e+02 nan
1.490703000000000031e+02 nan
1.494140600000000063e+02 nan
1.497586100000000044e+02 nan
1.501039499999999975e+02 nan
1.504500899999999888e+02 nan
1.507970300000000066e+02 nan
1.511447699999999941e+02 nan
1.514933100000000081e+02 nan
1.518426599999999951e+02 nan
1.521928100000000086e+02 nan
1.525437699999999950e+02 nan
1.528955300000000079e+02 nan
1.532481099999999969e+02 nan
1.536014999999999873e+02 nan
1.539557100000000105e+02 nan
1.543107300000000066e+02 nan
1.546665700000000072e+02 nan
1.550232399999999870e+02 nan
1.553807199999999966e+02 nan
1.557390300000000138e+02 nan
1.560981700000000103e+02 nan
1.564581300000000113e+02 nan
1.568189199999999914e+02 nan
1.571805500000000109e+02 nan
1.575430100000000095e+02 nan
1.579062999999999874e+02 nan
1.582704400000000078e+02 nan
1.586354100000000074e+02 nan
1.590012199999999893e+02 nan
1.593678800000000138e+02 nan
1.597353899999999953e+02 nan
1.601037399999999877e+02 nan
1.604729399999999941e+02 nan
1.608429899999999861e+02 nan
1.612138899999999921e+02 nan
1.615856499999999869e+02 nan
1.619582699999999988e+02 nan
1.623317499999999995e+02 nan
1.627060899999999890e+02 nan
1.630812899999999956e+02 nan
1.634573599999999942e+02 nan
1.638342900000000100e+02 nan
1.642120899999999892e+02 nan
1.645907699999999920e+02 nan
1.649703100000000120e+02 nan
1.653507400000000018e+02 nan
1.657320400000000120e+02 nan
1.661142199999999889e+02 nan
1.664972799999999893e+02 nan
1.668812200000000132e+02 nan
1.672660500000000070e+02 nan
1.676517699999999991e+02 nan
1.680383699999999862e+02 nan
1.684258700000000033e+02 nan
1.688142599999999902e+02 nan
1.692035500000000070e+02 nan
1.695937299999999937e+02 nan
1.699848200000000134e+02 nan
1.703768100000000061e+02 nan
1.707697000000000003e+02 nan
1.711634899999999959e+02 nan
1.715581999999999994e+02 nan
1.719538100000000043e+02 nan
1.723503399999999885e+02 nan
1.727477800000000059e+02 nan
1.731461400000000026e+02 nan
1.735454100000000039e+02 nan
1.739456099999999878e+02 nan
1.743467300000000080e+02 nan
1.747487700000000075e+02 nan
1.751517499999999927e+02 nan
1.755556500000000142e+02 nan
1.759604799999999898e+02 nan
1.763662500000000080e+02 nan
1.767729500000000087e+02 nan
1.771805899999999951e+02 nan
1.775891699999999958e+02 nan
1.779986900000000105e+02 nan
1.784091600000000142e+02 nan
1.788205700000000036e+02 nan
1.792329300000000103e+02 nan
1.796462400000000059e+02 nan
1.800605099999999936e+02 nan
1.804757299999999987e+02 nan
1.808919099999999958e+02 nan
1.813090500000000134e+02 nan
1.817271499999999946e+02 nan
1.821462099999999964e+02 nan
1.825662399999999934e+02 nan
1.829872400000000141e+02 nan
1.834092100000000016e+02 nan
1.838321500000000128e+02 nan
1.842560699999999940e+02 nan
1.846809700000000021e+02 nan
1.851068400000000054e+02 nan
1.855337000000000103e+02 nan
1.859615400000000136e+02 nan
1.863903699999999901e+02 nan
1.868201899999999966e+02 nan
1.872510000000000048e+02 nan
1.876827999999999861e+02 nan
1.881156000000000006e+02 nan
1.885493899999999883e+02 nan
1.889841900000000123e+02 nan
1.894199900000000127e+02 nan
1.898567899999999895e+02 nan
1.902946000000000026e+02 nan
1.907334299999999985e+02 nan
1.911732599999999991e+02 nan
1.916141100000000108e+02 nan
1.920559700000000021e+02 nan
1.924988500000000045e+02 nan
1.929427599999999927e+02 nan
1.933876799999999889e+02 nan
1.938336400000000026e+02 nan
1.942806199999999990e+02 nan
1.947286300000000097e+02 nan
1.951776800000000094e+02 nan
1.956277599999999950e+02 nan
1.960788799999999981e+02 nan
1.965310399999999902e+02 nan
1.969842399999999998e+02 nan
1.974384900000000016e+02 nan
1.978937799999999925e+02 nan
1.983501200000000040e+02 nan
1.988075200000000109e+02 nan
1.992659700000000100e+02 nan
1.997254800000000046e+02 nan
2.001860499999999945e+02 nan
2.006476800000000082e+02 nan
2.011103799999999922e+02 nan
2.015741399999999999e+02 nan
2.020389700000000062e+02 nan
2.025048700000000110e+02 nan
2.029718499999999892e+02 nan
2.034399099999999976e+02 nan
2.039090400000000045e+02 nan
2.043792599999999879e+02 nan
2.048505600000000015e+02 nan
2.053229399999999885e+02 nan
2.057964200000000119e+02 nan
2.062709900000000118e+02 nan
2.067466499999999883e+02 nan
2.072234100000000012e+02 nan
2.077012699999999938e+02 nan
2.081802299999999946e+02 nan
2.086602900000000034e+02 nan
2.091414699999999982e+02 nan
2.096237500000000011e+02 nan
2.101071399999999869e+02 nan
2.105916499999999871e+02 nan
2.110772800000000018e+02 nan
2.115640199999999993e+02 nan
2.120518899999999860e+02 nan
2.125408799999999871e+02 nan
2.130310000000000059e+02 nan
2.135222599999999886e+02 nan
2.140146400000000142e+02 nan
2.145081600000000037e+02 nan
2.150028200000000140e+02 nan
2.154986100000000135e+02 nan
2.159955600000000118e+02 nan
2.164936399999999992e+02 nan
2.169928800000000138e+02 nan
2.174932699999999954e+02 nan
2.179948100000000011e+02 nan
2.184975000000000023e+02 nan
2.190013600000000054e+02 nan
2.195063800000000072e+02 nan
2.200125600000000077e+02 nan
2.205199100000000101e+02 nan
2.210284399999999891e+02 nan
2.215381299999999953e+02 nan
2.220490000000000066e+02 nan
2.225610399999999913e+02 nan
2.230742700000000127e+02 nan
2.235886800000000108e+02 nan
2.241042799999999886e+02 nan
2.246210700000000031e+02 nan
2.251390399999999943e+02 nan
2.256582200000000000e+02 nan
2.261785900000000140e+02 nan
2.267001600000000110e+02 nan
2.272229299999999910e+02 nan
2.277469100000000140e+02 nan
2.282720899999999915e+02 nan
2.287984899999999868e+02 nan
2.293260999999999967e+02 nan
2.298549299999999960e+02 nan
2.303849700000000098e+02 nan
2.309162399999999877e+02 nan
2.314487399999999866e+02 nan
2.319824600000000032e+02 nan
2.325174100000000124e+02 nan
2.330535999999999888e+02 nan
2.335910199999999861e+02 nan
2.341296900000000107e+02 nan
2.346695899999999995e+02 nan
2.352107399999999870e+02 nan
2.357531400000000019e+02 nan
2.362967899999999872e+02 nan
2.368416899999999998e+02 nan
2.373878499999999860e+02 nan
2.379352700000000027e+02 nan
2.384839499999999930e+02 nan
2.390338900000000137e+02 nan
2.395851099999999860e+02 nan
2.401375899999999888e+02 nan
2.406913499999999999e+02 nan
2.412463899999999910e+02 nan
2.418026999999999873e+02 nan
2.423602999999999952e+02 nan
2.429191899999999862e+02 nan
2.434793600000000140e+02 nan
2.440408299999999997e+02 nan
2.446035899999999970e+02 nan
2.451676400000000058e+02 nan
2.457330000000000041e+02 nan
2.462996699999999919e+02 nan
2.468676299999999912e+02 nan
2.474369100000000117e+02 nan
2.480074999999999932e+02 nan
2.485794099999999958e+02 nan
2.491526399999999910e+02 nan
2.497271900000000073e+02 nan
2.503030599999999879e+02 nan
2.508802599999999927e+02 nan
2.514587899999999934e+02 nan
2.520386599999999930e+02 nan
2.526198599999999885e+02 nan
2.532024000000000115e+02 nan
2.537862900000000081e+02 nan
2.543715200000000038e+02 nan
2.549581100000000049e+02 nan
2.555460400000000050e+02 nan
2.561353300000000104e+02 nan
2.567259799999999927e+02 nan
2.573179900000000089e+02 nan
2.579113699999999767e+02 nan
2.585061200000000099e+02 nan
2.591022300000000200e+02 nan
2.596997299999999882e+02 nan
2.602985899999999901e+02 nan
2.608988499999999817e+02 nan
2.615004799999999818e+02 nan
2.621034999999999968e+02 nan
2.627079200000000014e+02 nan
2.633137199999999893e+02 nan
2.639209200000000237e+02 nan
2.645295300000000225e+02 nan
2.651395400000000109e+02 nan
2.657509499999999889e+02 nan
2.663637699999999882e+02 nan
2.669780099999999834e+02 nan
2.675936599999999999e+02 nan
2.682107399999999870e+02 nan
2.688292299999999955e+02 nan
2.694491499999999746e+02 nan
2.700705100000000130e+02 nan
2.706932899999999904e+02 nan
2.713175100000000270e+02 nan
2.719431700000000092e+02 nan
2.725702800000000252e+02 nan
2.731988200000000120e+02 nan
2.738288200000000074e+02 nan
2.744602699999999800e+02 nan
2.750931800000000180e+02 nan
2.757275500000000079e+02 nan
2.763633800000000065e+02 nan
2.770006700000000137e+02 nan
2.776394399999999791e+02 nan
2.782796799999999848e+02 nan
2.789213899999999740e+02 nan
2.795645900000000097e+02 nan
2.802092700000000036e+02 nan
2.808554300000000126e+02 nan
2.815030899999999860e+02 nan
2.821522299999999746e+02 nan
2.828028800000000160e+02 nan
2.834550300000000220e+02 nan
2.841086799999999926e+02 nan
2.847638299999999845e+02 nan
2.854205000000000041e+02 nan
2.860786800000000198e+02 nan
2.867383800000000065e+02 nan
2.873996000000000208e+02 nan
2.880623499999999808e+02 nan
2.887266200000000254e+02 nan
2.893924299999999903e+02 nan
2.900597700000000145e+02 nan
2.907286500000000160e+02 nan
2.913990699999999947e+02 nan
2.920710399999999822e+02 nan
2.927445599999999786e+02 nan
2.934196299999999837e+02 nan
2.940962599999999725e+02 nan
2.947744400000000269e+02 nan
2.954542000000000144e+02 nan
2.961355199999999854e+02 nan
2.968184099999999717e+02 nan
2.975028699999999731e+02 nan
2.981889199999999960e+02 nan
2.988765399999999772e+02 nan
2.995657499999999800e+02 nan
3.002565599999999790e+02 nan
3.009489500000000248e+02 nan
3.016429400000000101e+02 nan
3.023385299999999916e+02 nan
3.030357300000000009e+02 nan
3.037345300000000066e+02 nan
3.044349399999999832e+02 nan
3.051369700000000194e+02 nan
3.058406200000000013e+02 nan
3.065458899999999858e+02 nan
3.072527900000000045e+02 nan
3.079613100000000259e+02 nan
3.086714799999999741e+02 nan
3.093832699999999818e+02 nan
3.100967200000000048e+02 nan
3.108118000000000052e+02 nan
3.115285299999999893e+02 nan
3.122469199999999887e+02 nan
3.129669700000000034e+02 nan
3.136886700000000019e+02 nan
3.144120399999999904e+02 nan
3.151370800000000258e+02 nan
3.158637800000000198e+02 nan
3.165921700000000101e+02 nan
3.173222299999999905e+02 nan
3.180539800000000241e+02 nan
3.187874100000000226e+02 nan
3.195225399999999922e+02 nan
3.202593600000000151e+02 nan
3.209978800000000092e+02 nan
3.217381100000000060e+02 nan
3.224800399999999740e+02 nan
3.232236800000000017e+02 nan
3.239690299999999752e+02 nan
3.247161100000000147e+02 nan
3.254649099999999748e+02 nan
3.262154300000000262e+02 nan
3.269676900000000046e+02 nan
3.277216799999999921e+02 nan
3.284774100000000203e+02 nan
3.292348799999999756e+02 nan
3.299941000000000031e+02 nan
3.307550600000000145e+02 nan
3.315177899999999909e+02 nan
3.322822699999999827e+02 nan
3.330485199999999963e+02 nan
3.338165300000000002e+02 nan
3.345863100000000259e+02 nan
3.353578699999999913e+02 nan
3.361312100000000100e+02 nan
3.369063300000000254e+02 nan
3.376832400000000121e+02 nan
3.384619400000000269e+02 nan
3.392424300000000130e+02 nan
3.400247299999999768e+02 nan
3.408088300000000004e+02 nan
3.415947400000000016e+02 nan
3.423824599999999805e+02 nan
3.431719899999999939e+02 nan
3.439633499999999913e+02 nan
3.447565299999999979e+02 nan
3.455515399999999886e+02 nan
3.463483899999999949e+02 nan
3.471470699999999852e+02 nan
3.479475899999999911e+02 nan
3.487499599999999873e+02 nan
3.495541799999999739e+02 nan
3.503602599999999825e+02 nan
3.511681899999999814e+02 nan
3.519779899999999770e+02 nan
3.527896499999999946e+02 nan
3.536031899999999837e+02 nan
3.544186000000000263e+02 nan
3.552358899999999835e+02 nan
3.560550700000000006e+02 nan
3.568761299999999892e+02 nan
3.576990900000000124e+02 nan
3.585239500000000135e+02 nan
3.593507099999999923e+02 nan
3.601793700000000058e+02 nan
3.610099500000000035e+02 nan
3.618424400000000105e+02 nan
3.626768500000000017e+02 nan
3.635131900000000087e+02 nan
3.643514499999999998e+02 nan
3.651916499999999814e+02 nan
3.660337900000000104e+02 nan
3.668778599999999983e+02 nan
3.677238899999999830e+02 nan
3.685718600000000151e+02 nan
3.694217899999999872e+02 nan
3.702736800000000130e+02 nan
3.711275299999999788e+02 nan
3.719833600000000047e+02 nan
3.728411500000000274e+02 nan
3.737009300000000280e+02 nan
3.745626800000000003e+02 nan
3.754264299999999821e+02 nan
3.762921600000000240e+02 nan
3.771598999999999933e+02 nan
3.780296299999999974e+02 nan
3.789013699999999858e+02 nan
3.797751200000000154e+02 nan
3.806508799999999724e+02 nan
3.815286699999999769e+02 nan
3.824084799999999973e+02 nan
3.832903099999999768e+02 nan
3.841741799999999785e+02 nan
3.850600900000000024e+02 nan
3.859480399999999918e+02 nan
3.868380399999999781e+02 nan
3.877300900000000183e+02 nan
3.886241999999999734e+02 nan
3.895203700000000140e+02 nan
3.904186100000000010e+02 nan
3.913189199999999914e+02 nan
3.922212999999999852e+02 nan
3.931257699999999886e+02 nan
3.940323200000000270e+02 nan
3.949409600000000182e+02 nan
3.958516999999999939e+02 nan
3.967645299999999793e+02 nan
3.976794800000000123e+02 nan
3.985965299999999729e+02 nan
3.995156900000000064e+02 nan
4.004369800000000055e+02 nan
4.013603899999999953e+02 nan
4.022859300000000076e+02 nan
4.032136100000000170e+02 nan
4.041434199999999919e+02 nan
4.050753799999999956e+02 nan
4.060094799999999964e+02 nan
4.069457499999999754e+02 nan
4.078841699999999832e+02 nan
4.088247499999999945e+02 nan
4.097674999999999841e+02 nan
4.107124299999999835e+02 nan
4.116595399999999927e+02 nan
4.126088300000000118e+02 nan
4.135602999999999838e+02 nan
4.145139800000000037e+02 nan
4.154698500000000081e+02 nan
4.164279300000000035e+02 nan
4.173882100000000150e+02 nan
4.183507099999999923e+02 nan
4.193154299999999921e+02 nan
4.202823799999999892e+02 nan
4.212515500000000088e+02 nan
4.222229600000000005e+02 nan
4.231966100000000210e+02 nan
4.241725099999999884e+02 nan
4.251506499999999846e+02 nan
4.261310500000000161e+02 nan
4.271137100000000260e+02 nan
4.280986399999999890e+02 nan
4.290858400000000188e+02 nan
4.300753100000000018e+02 nan
4.310670700000000011e+02 nan
4.320611099999999851e+02 nan
4.330574500000000171e+02 nan
4.340560800000000086e+02 nan
4.350570200000000227e+02 nan
4.360602700000000027e+02 nan
4.370658199999999738e+02 nan
4.380736999999999739e+02 nan
4.390839000000000283e+02 nan
4.400964299999999980e+02 nan
4.411113000000000284e+02 nan
4.421285100000000057e+02 nan
4.431480599999999868e+02 nan
4.441699600000000032e+02 nan
4.451942199999999730e+02 nan
4.462208400000000097e+02 nan
4.472498299999999745e+02 nan
4.482811899999999810e+02 nan
4.493149300000000039e+02 nan
4.503510499999999865e+02 nan
4.513895699999999920e+02 nan
4.524304700000000139e+02 nan
4.534737799999999766e+02 nan
4.545194999999999936e+02 nan
4.555676199999999767e+02 nan
4.566181599999999889e+02 nan
4.576711300000000051e+02 nan
4.587265199999999936e+02 nan
4.597843500000000176e+02 nan
4.608446200000000204e+02 nan
4.619073300000000017e+02 nan
4.629724899999999934e+02 nan
4.640401100000000270e+02 nan
4.651101899999999887e+02 nan
4.661827299999999923e+02 nan
4.672577600000000189e+02 nan
4.683352600000000052e+02 nan
4.694152399999999830e+02 nan
4.704977200000000153e+02 nan
4.715826900000000137e+02 nan
4.726701600000000099e+02 nan
4.737601399999999785e+02 nan
4.748526400000000081e+02 nan
4.759476500000000101e+02 nan
4.770451899999999910e+02 nan
4.781452600000000075e+02 nan
4.792478600000000029e+02 nan
4.803530099999999834e+02 nan
4.814607100000000059e+02 nan
4.825709600000000137e+02 nan
4.836837800000000129e+02 nan
4.847991499999999974e+02 nan
4.859171099999999797e+02 nan
4.870376299999999787e+02 nan
4.881607500000000073e+02 nan
4.892864500000000021e+02 nan
4.904147500000000264e+02 nan
4.915456500000000233e+02 nan
4.926791600000000244e+02 nan
4.938152799999999729e+02 nan
4.949540200000000141e+02 nan
4.960953900000000090e+02 nan
4.972393900000000144e+02 nan
4.983860199999999736e+02 nan
4.995353099999999813e+02 nan
5.006872399999999743e+02 nan
5.018418300000000158e+02 nan
5.029990799999999922e+02 nan
5.041589999999999918e+02 nan
5.053215900000000147e+02 nan
5.064868700000000104e+02 nan
5.076548300000000040e+02 nan
5.088254900000000021e+02 nan
5.099988399999999729e+02 nan
5.111748999999999796e+02 nan
5.123536800000000540e+02 nan
5.135351699999999937e+02 nan
5.147193800000000010e+02 nan
5.159063300000000254e+02 nan
5.170960099999999784e+02 nan
5.182884400000000369e+02 nan
5.194836199999999735e+02 nan
5.206815500000000156e+02 nan
5.218822499999999991e+02 nan
5.230857099999999491e+02 nan
5.242919500000000426e+02 nan
5.255009700000000521e+02 nan
5.267127799999999525e+02 nan
5.279273899999999458e+02 nan
5.291447899999999436e+02 nan
5.303650000000000091e+02 nan
5.315880300000000034e+02 nan
5.328138699999999517e+02 nan
5.340425500000000056e+02 nan
5.352740499999999884e+02 nan
5.365084000000000515e+02 nan
5.377455899999999929e+02 nan
5.389856399999999894e+02 nan
5.402285399999999527e+02 nan
5.414743099999999458e+02 nan
5.427229599999999436e+02 nan
5.439744799999999714e+02 nan
5.452288899999999785e+02 nan
5.464861899999999650e+02 nan
5.477463900000000194e+02 nan
5.490095000000000027e+02 nan
5.502755200000000286e+02 nan
5.515444599999999582e+02 nan
5.528163299999999936e+02 nan
5.540911200000000463e+02 nan
5.553688600000000406e+02 nan
5.566495499999999765e+02 nan
5.579331899999999678e+02 nan
5.592197800000000143e+02 nan
5.605093500000000404e+02 nan
5.618018899999999576e+02 nan
5.630974099999999680e+02 nan
5.643959099999999580e+02 nan
5.656974199999999655e+02 nan
5.670019200000000410e+02 nan
5.683094300000000203e+02 nan
5.696199500000000171e+02 nan
5.709334999999999809e+02 nan
5.722500800000000254e+02 nan
5.735696900000000369e+02 nan
5.748923499999999649e+02 nan
5.762180600000000368e+02 nan
5.775468200000000252e+02 nan
5.788786499999999933e+02 nan
5.802135399999999663e+02 nan
5.815515199999999822e+02 nan
5.828925799999999526e+02 nan
5.842367400000000544e+02 nan
5.855839899999999716e+02 nan
5.869343499999999949e+02 nan
5.882878299999999854e+02 nan
5.896444300000000567e+02 nan
5.910041499999999814e+02 nan
5.923670100000000502e+02 nan
5.937330100000000357e+02 nan
5.951021700000000010e+02 nan
5.964744799999999714e+02 nan
5.978499500000000353e+02 nan
5.992286000000000286e+02 nan
6.006104199999999764e+02 nan
6.019954300000000558e+02 nan
6.033836400000000140e+02 nan
6.047750499999999647e+02 nan
6.061696600000000217e+02 nan
6.075674999999999955e+02 nan
6.089685500000000502e+02 nan
6.103728399999999965e+02 nan
6.117803599999999733e+02 nan
6.131911300000000438e+02 nan
6.146051599999999553e+02 nan
6.160224399999999605e+02 nan
6.174429900000000089e+02 nan
6.188668199999999615e+02 nan
6.202939300000000458e+02 nan
6.217243300000000090e+02 nan
6.231580400000000282e+02 nan
6.245950400000000400e+02 nan
6.260353599999999687e+02 nan
6.274790100000000166e+02 nan
6.289259799999999814e+02 nan
6.303762900000000400e+02 nan
6.318299399999999650e+02 nan
6.332869399999999587e+02 nan
6.347473099999999704e+02 nan
6.362110400000000254e+02 nan
6.376781499999999596e+02 nan
6.391486400000000003e+02 nan
6.406225200000000086e+02 nan
6.420997999999999593e+02 nan
6.435804900000000544e+02 nan
6.450645899999999529e+02 nan
6.465521099999999706e+02 nan
6.480430699999999433e+02 nan
6.495374600000000100e+02 nan
6.510353000000000065e+02 nan
6.525365900000000465e+02 nan
6.540413399999999911e+02 nan
6.555495700000000170e+02 nan
6.570612700000000359e+02 nan
6.585764599999999973e+02 nan
6.600951400000000149e+02 nan
6.616173199999999497e+02 nan
6.631430199999999786e+02 nan
6.646722300000000132e+02 nan
6.662049700000000030e+02 nan
6.677412500000000364e+02 nan
6.692810600000000250e+02 nan
6.708244300000000067e+02 nan
6.723713599999999815e+02 nan
6.739218499999999494e+02 nan
6.754759199999999737e+02 nan
6.770335700000000543e+02 nan
6.785948100000000522e+02 nan
6.801596600000000308e+02 nan
6.817281100000000151e+02 nan
6.833001799999999548e+02 nan
6.848758800000000520e+02 nan
6.864552099999999655e+02 nan
6.880381800000000112e+02 nan
6.896248000000000502e+02 nan
6.912150799999999435e+02 nan
6.928090300000000070e+02 nan
6.944066500000000133e+02 nan
6.960079600000000255e+02 nan
6.976129600000000437e+02 nan
6.992216600000000426e+02 nan
7.008340699999999970e+02 nan
7.024501999999999953e+02 nan
7.040700500000000375e+02 nan
7.056936399999999594e+02 nan
7.073209799999999632e+02 nan
7.089520700000000488e+02 nan
7.105869099999999889e+02 nan
7.122255300000000489e+02 nan
7.138679300000000012e+02 nan
7.155141200000000481e+02 nan
7.171640999999999622e+02 nan
7.188178799999999455e+02 nan
7.204754799999999477e+02 nan
7.221368999999999687e+02 nan
7.238021599999999580e+02 nan
7.254712500000000546e+02 nan
7.271441899999999805e+02 nan
7.288209900000000516e+02 nan
7.305016600000000153e+02 nan
7.321861999999999853e+02 nan
7.338746300000000247e+02 nan
7.355669500000000198e+02 nan
7.372631699999999455e+02 nan
7.389633099999999786e+02 nan
7.406673600000000306e+02 nan
7.423753500000000258e+02 nan
7.440872699999999895e+02 nan
7.458031399999999849e+02 nan
7.475229699999999866e+02 nan
7.492467599999999948e+02 nan
7.509745299999999588e+02 nan
7.527062799999999925e+02 nan
7.544420300000000452e+02 nan
7.561817800000000034e+02 nan
7.579255399999999554e+02 nan
7.596733199999999897e+02 nan
7.614251400000000558e+02 nan
7.631809899999999516e+02 nan
7.649408899999999676e+02 nan
7.667048499999999649e+02 nan
7.684728800000000319e+02 nan
7.702449800000000550e+02 nan
7.720211699999999837e+02 nan
7.738014600000000200e+02 nan
7.755858500000000504e+02 nan
7.773743600000000242e+02 nan
7.791669900000000553e+02 nan
7.809637500000000045e+02 nan
7.827646600000000490e+02 nan
7.845697199999999611e+02 nan
7.863789500000000317e+02 nan
7.881923399999999447e+02 nan
7.900099199999999655e+02 nan
7.918316899999999805e+02 nan
7.936576599999999644e+02 nan
7.954878400000000056e+02 nan
7.973222399999999652e+02 nan
7.991608700000000454e+02 nan
8.010037399999999934e+02 nan
8.028508600000000115e+02 nan
8.047022399999999607e+02 nan
8.065578900000000431e+02 nan
8.084178200000000061e+02 nan
8.102820400000000518e+02 nan
8.121505600000000413e+02 nan
8.140233799999999746e+02 nan
8.159005200000000286e+02 nan
8.177820000000000391e+02 nan
8.196678100000000313e+02 nan
8.215579699999999548e+02 nan
8.234524900000000116e+02 nan
8.253513799999999492e+02 nan
8.272546399999999949e+02 nan
8.291622999999999593e+02 nan
8.310743499999999813e+02 nan
8.329908199999999852e+02 nan
8.349116999999999962e+02 nan
8.368370099999999638e+02 nan
8.387667599999999766e+02 nan
8.407009699999999839e+02 nan
8.426396300000000110e+02 nan
8.445827600000000075e+02 nan
8.465303800000000365e+02 nan
8.484824800000000096e+02 nan
8.504390899999999647e+02 nan
8.524002100000000155e+02 nan
8.543658500000000231e+02 nan
8.563360300000000507e+02 nan
8.583107400000000098e+02 nan
8.602900100000000521e+02 nan
8.622738500000000386e+02 nan
8.642622599999999693e+02 nan
8.662552500000000464e+02 nan
8.682528499999999667e+02 nan
8.702550400000000081e+02 nan
8.722618599999999560e+02 nan
8.742732999999999493e+02 nan
8.762893800000000510e+02 nan
8.783101100000000088e+02 nan
8.803355000000000246e+02 nan
8.823655599999999595e+02 nan
8.844003000000000156e+02 nan
8.864397400000000289e+02 nan
8.884838700000000244e+02 nan
8.905327200000000403e+02 nan
8.925863000000000511e+02 nan
8.946446099999999433e+02 nan
8.967076700000000073e+02 nan
8.987754800000000159e+02 nan
9.008480700000000070e+02 nan
9.029254300000000057e+02 nan
9.050075799999999617e+02 nan
9.070945400000000518e+02 nan
9.091862999999999602e+02 nan
9.112828899999999521e+02 nan
9.133843200000000024e+02 nan
9.154905899999999974e+02 nan
9.176017200000000003e+02 nan
9.197177100000000110e+02 nan
9.218385899999999538e+02 nan
9.239643600000000561e+02 nan
9.260950299999999515e+02 nan
9.282306099999999560e+02 nan
9.303711200000000190e+02 nan
9.325165600000000268e+02 nan
9.346669500000000426e+02 nan
9.368223000000000411e+02 nan
9.389826199999999972e+02 nan
9.411479199999999992e+02 nan
9.433182100000000219e+02 nan
9.454935100000000148e+02 nan
9.476738299999999526e+02 nan
9.498591699999999491e+02 nan
9.520495499999999538e+02 nan
9.542449900000000298e+02 nan
9.564454799999999750e+02 nan
9.586510500000000548e+02 nan
9.608617100000000164e+02 nan
9.630774599999999737e+02 nan
9.652983299999999645e+02 nan
9.675243100000000140e+02 nan
9.697554300000000467e+02 nan
9.719916899999999487e+02 nan
9.742331199999999853e+02 nan
9.764796999999999798e+02 nan
9.787314699999999448e+02 nan
9.809884399999999687e+02 nan
9.832505999999999631e+02 nan
9.855179900000000544e+02 nan
9.877906000000000404e+02 nan
9.900684499999999844e+02 nan
9.923515599999999495e+02 nan
9.946399300000000494e+02 nan
9.969335700000000315e+02 nan
9.992325100000000475e+02 nan
1.001536699999999996e+03 nan
1.003846300000000042e+03 nan
1.006161200000000008e+03 nan
1.008481400000000008e+03 nan
1.010807000000000016e+03 nan
1.013137899999999945e+03 nan
1.015474199999999996e+03 nan
1.017815900000000056e+03 nan
1.020163000000000011e+03 nan
1.022515499999999975e+03 nan
1.024873399999999947e+03 nan
1.027236799999999903e+03 nan
1.029605600000000095e+03 nan
1.031979900000000043e+03 nan
1.034359600000000000e+03 nan
1.036744899999999916e+03 nan
1.039135600000000068e+03 nan
1.041531899999999951e+03 nan
1.043933600000000069e+03 nan
1.046340999999999894e+03 nan
1.048753799999999956e+03 nan
1.051172299999999950e+03 nan
1.053596299999999928e+03 nan
1.056025900000000092e+03 nan
1.058461099999999988e+03 nan
1.060901900000000069e+03 nan
1.063348300000000108e+03 nan
1.065800400000000081e+03 nan
1.068258199999999988e+03 nan
1.070721600000000080e+03 nan
1.073190700000000106e+03 nan
1.075665500000000065e+03 nan
1.078145999999999958e+03 nan
1.080632200000000012e+03 nan
1.083124099999999999e+03 nan
1.085621799999999894e+03 nan
1.088125299999999925e+03 nan
1.090634499999999889e+03 nan
1.093149499999999989e+03 nan
1.095670299999999997e+03 nan
1.098196899999999914e+03 nan
1.100729399999999941e+03 nan
1.103267700000000104e+03 nan
1.105811799999999948e+03 nan
1.108361799999999903e+03 nan
1.110917699999999968e+03 nan
1.113479499999999916e+03 nan
1.116047199999999975e+03 nan
1.118620799999999917e+03 nan
1.121200399999999945e+03 nan
1.123785900000000083e+03 nan
1.126377300000000105e+03 nan
1.128974699999999984e+03 nan
1.131578199999999924e+03 nan
1.134187599999999975e+03 nan
1.136803000000000111e+03 nan
1.139424500000000080e+03 nan
1.142051999999999907e+03 nan
1.144685600000000022e+03 nan
1.147325299999999970e+03 nan
1.149971000000000004e+03 nan
1.152622900000000072e+03 nan
1.155280799999999999e+03 nan
1.157944899999999961e+03 nan
1.160615099999999984e+03 nan
1.163291500000000042e+03 nan
1.165974099999999908e+03 nan
1.168662800000000061e+03 nan
1.171357799999999997e+03 nan
1.174058899999999994e+03 nan
1.176766300000000001e+03 nan
1.179480000000000018e+03 nan
1.182199800000000096e+03 nan
1.184925999999999931e+03 nan
1.187658500000000004e+03 nan
1.190397200000000112e+03 nan
1.193142299999999977e+03 nan
1.195893700000000081e+03 nan
1.198651399999999967e+03 nan
1.201415500000000065e+03 nan
1.204185999999999922e+03 nan
1.206962800000000016e+03 nan
1.209746100000000069e+03 nan
1.212535800000000108e+03 nan
1.215331899999999905e+03 nan
1.218134499999999889e+03 nan
1.220943500000000085e+03 nan
1.223759000000000015e+03 nan
1.226580999999999904e+03 nan
1.229409499999999980e+03 nan
1.232244500000000016e+03 nan
1.235086099999999988e+03 nan
1.237934199999999919e+03 nan
1.240788900000000012e+03 nan
1.243650200000000041e+03 nan
1.246518000000000029e+03 nan
1.249392499999999927e+03 nan
1.252273599999999988e+03 nan
1.255161399999999958e+03 nan
1.258055800000000090e+03 nan
1.260956899999999905e+03 nan
1.263864600000000110e+03 nan
1.266779099999999971e+03 nan
1.269700299999999970e+03 nan
1.272628300000000081e+03 nan
1.275563000000000102e+03 nan
1.278504400000000032e+03 nan
1.281452700000000050e+03 nan
1.284407699999999977e+03 nan
1.287369599999999991e+03 nan
1.290338199999999915e+03 nan
1.293313799999999901e+03 nan
1.296296199999999999e+03 nan
1.299285399999999981e+03 nan
1.302281600000000026e+03 nan
1.305284699999999930e+03 nan
1.308294699999999921e+03 nan
1.311311599999999999e+03 nan
1.314335499999999911e+03 nan
1.317366400000000112e+03 nan
1.320404199999999946e+03 nan
1.323449100000000044e+03 nan
1.326500999999999976e+03 nan
1.329559899999999971e+03 nan
1.332625900000000001e+03 nan
1.335698900000000094e+03 nan
1.338778999999999996e+03 nan
1.341866299999999910e+03 nan
1.344960600000000113e+03 nan
1.348062100000000100e+03 nan
1.351170800000000099e+03 nan
1.354286599999999908e+03 nan
1.357409599999999955e+03 nan
1.360539800000000014e+03 nan
1.363677200000000084e+03 nan
1.366821799999999939e+03 nan
1.369973700000000008e+03 nan
1.373132900000000063e+03 nan
1.376299299999999903e+03 nan
1.379473099999999931e+03 nan
1.382654199999999946e+03 nan
1.385842599999999948e+03 nan
1.389038399999999911e+03 nan
1.392241500000000087e+03 nan
1.395451999999999998e+03 nan
1.398669900000000098e+03 nan
1.401895299999999907e+03 nan
1.405128099999999904e+03 nan
1.408368300000000090e+03 nan
1.411615999999999985e+03 nan
1.414871200000000044e+03 nan
1.418133900000000040e+03 nan
1.421404099999999971e+03 nan
1.424681900000000041e+03 nan
1.427967200000000048e+03 nan
1.431260099999999966e+03 nan
1.434560600000000022e+03 nan
1.437868699999999990e+03 nan
1.441184500000000071e+03 nan
1.444507900000000063e+03 nan
1.447838899999999967e+03 nan
1.451177599999999984e+03 nan
1.454524100000000089e+03 nan
1.457878200000000106e+03 nan
1.461240099999999984e+03 nan
1.464609699999999975e+03 nan
1.467987100000000055e+03 nan
1.471372299999999996e+03 nan
1.474765300000000025e+03 nan
1.478166099999999915e+03 nan
1.481574800000000096e+03 nan
1.484991299999999910e+03 nan
1.488415700000000015e+03 nan
1.491847999999999956e+03 nan
1.495288199999999961e+03 nan
1.498736400000000003e+03 nan
1.502192500000000109e+03 nan
1.505656500000000051e+03 nan
1.509128600000000006e+03 nan
1.512608600000000024e+03 nan
1.516096700000000055e+03 nan
1.519592900000000100e+03 nan
1.523096999999999980e+03 nan
1.526609300000000076e+03 nan
1.530129699999999957e+03 nan
1.533658200000000079e+03 nan
1.537194799999999987e+03 nan
1.540739600000000110e+03 nan
1.544292599999999993e+03 nan
1.547853699999999890e+03 nan
1.551423099999999977e+03 nan
1.555000700000000052e+03 nan
1.558586499999999887e+03 nan
1.562180599999999913e+03 nan
1.565782999999999902e+03 nan
1.569393700000000081e+03 nan
1.573012799999999970e+03 nan
1.576640100000000075e+03 nan
1.580275900000000092e+03 nan
1.583920000000000073e+03 nan
1.587572499999999991e+03 nan
1.591233500000000049e+03 nan
1.594902900000000045e+03 nan
1.598580699999999979e+03 nan
1.602267100000000028e+03 nan
1.605961900000000014e+03 nan
1.609665299999999888e+03 nan
1.613377199999999903e+03 nan
1.617097600000000057e+03 nan
1.620826700000000073e+03 nan
1.624564300000000003e+03 nan
1.628310600000000022e+03 nan
1.632065499999999929e+03 nan
1.635828999999999951e+03 nan
1.639601300000000037e+03 nan
1.643382200000000012e+03 nan
1.647171900000000051e+03 nan
1.650970199999999977e+03 nan
1.654777399999999943e+03 nan
1.658593299999999999e+03 nan
1.662418100000000095e+03 nan
1.666251600000000053e+03 nan
1.670094000000000051e+03 nan
1.673945200000000114e+03 nan
1.677805399999999963e+03 nan
1.681674400000000105e+03 nan
1.685552400000000034e+03 nan
1.689439300000000003e+03 nan
1.693335100000000011e+03 nan
1.697240000000000009e+03 nan
1.701153800000000047e+03 nan
1.705076700000000073e+03 nan
1.709008599999999888e+03 nan
1.712949599999999919e+03 nan
1.716899699999999939e+03 nan
1.720858799999999974e+03 nan
1.724827199999999948e+03 nan
1.728804599999999937e+03 nan
1.732791300000000092e+03 nan
1.736787100000000009e+03 nan
1.740792099999999891e+03 nan
1.744806399999999940e+03 nan
1.748829999999999927e+03 nan
1.752862800000000107e+03 nan
1.756904899999999998e+03 nan
1.760956300000000056e+03 nan
1.765017100000000028e+03 nan
1.769087199999999939e+03 nan
1.773166799999999967e+03 nan
1.777255699999999933e+03 nan
1.781354100000000017e+03 nan
1.785461900000000014e+03 nan
1.789579199999999901e+03 nan
1.793705999999999904e+03 nan
1.797842300000000023e+03 nan
1.801988100000000031e+03 nan
1.806143499999999904e+03 nan
1.810308500000000095e+03 nan
1.814483099999999922e+03 nan
1.818667300000000068e+03 nan
1.822861100000000079e+03 nan
1.827064699999999903e+03 nan
1.831277900000000045e+03 nan
1.835500800000000027e+03 nan
1.839733500000000049e+03 nan
1.843975899999999911e+03 nan
1.848228200000000015e+03 nan
1.852490199999999959e+03 nan
1.856762099999999919e+03 nan
1.861043799999999919e+03 nan
1.865335299999999961e+03 nan
1.869636799999999994e+03 nan
1.873948200000000043e+03 nan
1.878269600000000082e+03 nan
1.882600899999999911e+03 nan
1.886942199999999957e+03 nan
1.891293499999999995e+03 nan
1.895654800000000023e+03 nan
1.900026200000000017e+03 nan
1.904407699999999977e+03 nan
1.908799199999999928e+03 nan
1.913200900000000047e+03 nan
1.917612800000000107e+03 nan
1.922034799999999905e+03 nan
1.926467100000000073e+03 nan
1.930909499999999980e+03 nan
1.935362200000000030e+03 nan
1.939825199999999995e+03 nan
1.944298399999999901e+03 nan
1.948781999999999925e+03 nan
1.953275900000000092e+03 nan
1.957780199999999923e+03 nan
1.962294799999999896e+03 nan
1.966819899999999961e+03 nan
1.971355399999999918e+03 nan
1.975901299999999992e+03 nan
1.980457799999999907e+03 nan
1.985024699999999939e+03 nan
1.989602200000000039e+03 nan
1.994190299999999979e+03 nan
1.998788900000000012e+03 nan
2.003398100000000113e+03 nan
2.008017900000000054e+03 nan
2.012648400000000038e+03 nan
2.017289600000000064e+03 nan
2.021941499999999905e+03 nan
2.026604100000000017e+03 nan
2.031277499999999918e+03 nan
2.035961600000000089e+03 nan
2.040656600000000026e+03 nan
2.045362300000000005e+03 nan
2.050079000000000178e+03 nan
2.054806500000000142e+03 nan
2.059544899999999870e+03 nan
2.064294199999999819e+03 nan
2.069054500000000189e+03 nan
2.073825699999999870e+03 nan
2.078608000000000175e+03 nan
2.083401299999999992e+03 nan
2.088205599999999777e+03 nan
2.093021000000000186e+03 nan
2.097847499999999854e+03 nan
2.102685199999999895e+03 nan
2.107534000000000106e+03 nan
2.112393999999999778e+03 nan
2.117265199999999822e+03 nan
2.122147599999999784e+03 nan
2.127041299999999865e+03 nan
2.131946300000000065e+03 nan
2.136862599999999929e+03 nan
2.141790199999999913e+03 nan
2.146729200000000219e+03 nan
2.151679599999999937e+03 nan
2.156641299999999774e+03 nan
2.161614599999999882e+03 nan
2.166599299999999857e+03 nan
2.171595499999999902e+03 nan
2.176603200000000015e+03 nan
2.181622400000000198e+03 nan
2.186653299999999945e+03 nan
2.191695700000000215e+03 nan
2.196749800000000050e+03 nan
2.201815500000000156e+03 nan
2.206892899999999827e+03 nan
2.211981999999999971e+03 nan
2.217082899999999881e+03 nan
2.222195499999999811e+03 nan
2.227319899999999961e+03 nan
2.232456099999999878e+03 nan
2.237604200000000219e+03 nan
2.242764099999999871e+03 nan
2.247935899999999947e+03 nan
2.253119700000000194e+03 nan
2.258315399999999954e+03 nan
2.263523099999999886e+03 nan
2.268742799999999988e+03 nan
2.273974499999999807e+03 nan
2.279218299999999999e+03 nan
2.284474200000000110e+03 nan
2.289742200000000139e+03 nan
2.295022399999999834e+03 nan
2.300314699999999903e+03 nan
2.305619299999999839e+03 nan
2.310936099999999897e+03 nan
2.316265100000000075e+03 nan
2.321606400000000122e+03 nan
2.326960099999999784e+03 nan
2.332326100000000224e+03 nan
2.337704400000000078e+03 nan
2.343095200000000204e+03 nan
2.348498399999999947e+03 nan
2.353914000000000215e+03 nan
2.359342200000000048e+03 nan
2.364782799999999952e+03 nan
2.370235999999999876e+03 nan
2.375701799999999821e+03 nan
2.381180199999999786e+03 nan
2.386671200000000226e+03 nan
2.392174899999999980e+03 nan
2.397691299999999956e+03 nan
2.403220400000000154e+03 nan
2.408762200000000121e+03 nan
2.414316800000000057e+03 nan
2.419884300000000167e+03 nan
2.425464599999999791e+03 nan
2.431057699999999841e+03 nan
2.436663700000000063e+03 nan
2.442282700000000204e+03 nan
2.447914600000000064e+03 nan
2.453559499999999844e+03 nan
2.459217500000000200e+03 nan
2.464888399999999820e+03 nan
2.470572500000000218e+03 nan
2.476269600000000082e+03 nan
2.481979899999999816e+03 nan
2.487703399999999874e+03 nan
2.493440099999999802e+03 nan
2.499190000000000055e+03 nan
2.504953100000000177e+03 nan
2.510729499999999916e+03 nan
2.516519299999999930e+03 nan
2.522322400000000016e+03 nan
2.528138899999999921e+03 nan
2.533968800000000101e+03 nan
2.539812199999999848e+03 nan
2.545668999999999869e+03 nan
2.551539299999999912e+03 nan
2.557423200000000179e+03 nan
2.563320600000000013e+03 nan
2.569231699999999819e+03 nan
2.575156300000000101e+03 nan
2.581094700000000103e+03 nan
2.587046699999999873e+03 nan
2.593012400000000071e+03 nan
2.598992000000000189e+03 nan
2.604985200000000077e+03 nan
2.610992400000000089e+03 nan
2.617013300000000072e+03 nan
2.623048200000000179e+03 nan
2.629097000000000207e+03 nan
2.635159700000000157e+03 nan
2.641236399999999776e+03 nan
2.647327099999999973e+03 nan
2.653431799999999839e+03 nan
2.659550699999999779e+03 nan
2.665683599999999842e+03 nan
2.671830699999999979e+03 nan
2.677992000000000189e+03 nan
2.684167399999999816e+03 nan
2.690357100000000173e+03 nan
2.696561099999999897e+03 nan
2.702779399999999896e+03 nan
2.709012099999999919e+03 nan
2.715259100000000217e+03 nan
2.721520500000000084e+03 nan
2.727796299999999974e+03 nan
2.734086600000000089e+03 nan
2.740391500000000178e+03 nan
2.746710799999999836e+03 nan
2.753044800000000123e+03 nan
2.759393300000000181e+03 nan
2.765756499999999960e+03 nan
2.772134300000000167e+03 nan
2.778526899999999841e+03 nan
2.784934200000000146e+03 nan
2.791356299999999919e+03 nan
2.797793200000000070e+03 nan
2.804244900000000143e+03 nan
2.810711499999999887e+03 nan
2.817193000000000211e+03 nan
2.823689499999999953e+03 nan
2.830201000000000022e+03 nan
2.836727400000000216e+03 nan
2.843268900000000031e+03 nan
2.849825499999999920e+03 nan
2.856397199999999884e+03 nan
2.862984100000000126e+03 nan
2.869586200000000190e+03 nan
2.876203500000000076e+03 nan
2.882835999999999785e+03 nan
2.889483900000000176e+03 nan
2.896146999999999935e+03 nan
2.902825600000000122e+03 nan
2.909519499999999880e+03 nan
2.916228900000000067e+03 nan
2.922953700000000026e+03 nan
2.929694100000000162e+03 nan
2.936449999999999818e+03 nan
2.943221500000000106e+03 nan
2.950008499999999913e+03 nan
2.956811299999999846e+03 nan
2.963629699999999957e+03 nan
2.970463900000000194e+03 nan
2.977313799999999901e+03 nan
2.984179500000000189e+03 nan
2.991061000000000149e+03 nan
2.997958399999999983e+03 nan
3.004871799999999894e+03 nan
3.011800999999999931e+03 nan
3.018746299999999792e+03 nan
3.025707499999999982e+03 nan
3.032684799999999996e+03 nan
3.039678199999999833e+03 nan
3.046687699999999950e+03 nan
3.053713400000000092e+03 nan
3.060755299999999806e+03 nan
3.067813400000000001e+03 nan
3.074887799999999970e+03 nan
3.081978500000000167e+03 nan
3.089085599999999886e+03 nan
3.096209100000000035e+03 nan
3.103348899999999958e+03 nan
3.110505299999999806e+03 nan
3.117678100000000086e+03 nan
3.124867499999999836e+03 nan
3.132073499999999967e+03 nan
3.139296100000000024e+03 nan
3.146535300000000007e+03 nan
3.153791299999999865e+03 nan
3.161063900000000103e+03 nan
3.168353399999999965e+03 nan
3.175659599999999955e+03 nan
3.182982700000000023e+03 nan
3.190322700000000168e+03 nan
3.197679599999999937e+03 nan
3.205053499999999985e+03 nan
3.212444300000000112e+03 nan
3.219852300000000014e+03 nan
3.227277300000000196e+03 nan
3.234719399999999951e+03 nan
3.242178699999999935e+03 nan
3.249655200000000150e+03 nan
3.257148900000000140e+03 nan
3.264659900000000107e+03 nan
3.272188200000000052e+03 nan
3.279733900000000176e+03 nan
3.287297000000000025e+03 nan
3.294877599999999802e+03 nan
3.302475600000000213e+03 nan
3.310091100000000097e+03 nan
3.317724200000000110e+03 nan
3.325374899999999798e+03 nan
3.333043200000000070e+03 nan
3.340729299999999967e+03 nan
3.348432999999999993e+03 nan
3.356154500000000098e+03 nan
3.363893799999999828e+03 nan
3.371650999999999840e+03 nan
3.379426100000000133e+03 nan
3.387219000000000051e+03 nan
3.395030000000000200e+03 nan
3.402858999999999924e+03 nan
3.410706000000000131e+03 nan
3.418571100000000115e+03 nan
3.426454299999999876e+03 nan
3.434355799999999817e+03 nan
3.442275399999999991e+03 nan
3.450213299999999890e+03 nan
3.458169499999999971e+03 nan
3.466144099999999980e+03 nan
3.474137099999999919e+03 nan
3.482148499999999785e+03 nan
3.490178300000000036e+03 nan
3.498226700000000164e+03 nan
3.506293599999999969e+03 nan
3.514379199999999855e+03 nan
3.522483400000000074e+03 nan
3.530606200000000172e+03 nan
3.538747800000000097e+03 nan
3.546908199999999852e+03 nan
3.555087399999999889e+03 nan
3.563285499999999956e+03 nan
3.571502399999999852e+03 nan
3.579738299999999981e+03 nan
3.587993199999999888e+03 nan
3.596267199999999775e+03 nan
3.604560199999999895e+03 nan
3.612872400000000198e+03 nan
3.621203700000000026e+03 nan
3.629554200000000037e+03 nan
3.637923999999999978e+03 nan
3.646313000000000102e+03 nan
3.654721500000000106e+03 nan
3.663149300000000039e+03 nan
3.671596500000000106e+03 nan
3.680063299999999799e+03 nan
3.688549500000000080e+03 nan
3.697055299999999988e+03 nan
3.705580800000000181e+03 nan
3.714125900000000001e+03 nan
3.722690700000000106e+03 nan
3.731275200000000041e+03 nan
3.739879600000000210e+03 nan
3.748503799999999956e+03 nan
3.757147899999999936e+03 nan
3.765811900000000151e+03 nan
3.774495899999999892e+03 nan
3.783199900000000071e+03 nan
3.791923999999999978e+03 nan
3.800668200000000070e+03 nan
3.809432499999999891e+03 nan
3.818217099999999846e+03 nan
3.827021999999999935e+03 nan
3.835847099999999955e+03 nan
3.844692599999999857e+03 nan
3.853558500000000095e+03 nan
3.862444800000000214e+03 nan
3.871351599999999962e+03 nan
3.880278999999999996e+03 nan
3.889226999999999862e+03 nan
3.898195499999999811e+03 nan
3.907184799999999996e+03 nan
3.916194800000000214e+03 nan
3.925225600000000213e+03 nan
3.934277199999999993e+03 nan
3.943349700000000212e+03 nan
3.952443099999999959e+03 nan
3.961557400000000143e+03 nan
3.970692799999999806e+03 nan
3.979849299999999857e+03 nan
3.989026800000000094e+03 nan
3.998225500000000011e+03 nan
4.007445499999999811e+03 nan
4.016686700000000201e+03 nan
4.025949200000000019e+03 nan
4.035233099999999922e+03 nan
4.044538300000000163e+03 nan
4.053865099999999984e+03 nan
4.063213299999999890e+03 nan
4.072583099999999831e+03 nan
4.081974499999999807e+03 nan
4.091387600000000020e+03 nan
4.100822400000000016e+03 nan
4.110278900000000249e+03 nan
4.119757200000000012e+03 nan
4.129257400000000416e+03 nan
4.138779499999999643e+03 nan
4.148323599999999715e+03 nan
4.157889600000000428e+03 nan
4.167477799999999661e+03 nan
4.177087999999999738e+03 nan
4.186720400000000154e+03 nan
4.196375000000000000e+03 nan
4.206051900000000387e+03 nan
4.215751100000000406e+03 nan
4.225472600000000057e+03 nan
4.235216599999999744e+03 nan
4.244983000000000175e+03 nan
4.254771999999999935e+03 nan
4.264583499999999731e+03 nan
4.274417699999999968e+03 nan
4.284274500000000444e+03 nan
4.294154099999999744e+03 nan
4.304056499999999687e+03 nan
4.313981600000000071e+03 nan
4.323929699999999684e+03 nan
4.333900700000000143e+03 nan
4.343894699999999830e+03 nan
4.353911799999999857e+03 nan
4.363951900000000023e+03 nan
4.374015300000000025e+03 nan
4.384101800000000367e+03 nan
4.394211500000000342e+03 nan
4.404344600000000355e+03 nan
4.414501100000000406e+03 nan
4.424680999999999585e+03 nan
4.434884299999999712e+03 nan
4.445111200000000281e+03 nan
4.455361600000000180e+03 nan
4.465635699999999815e+03 nan
4.475933500000000095e+03 nan
4.486255100000000311e+03 nan
4.496600400000000263e+03 nan
4.506969600000000355e+03 nan
4.517362699999999677e+03 nan
4.527779800000000250e+03 nan
4.538220900000000256e+03 nan
4.548685999999999694e+03 nan
4.559175299999999879e+03 nan
4.569688799999999901e+03 nan
4.580226599999999962e+03 nan
4.590788599999999860e+03 nan
4.601375000000000000e+03 nan
4.611985800000000381e+03 nan
4.622621100000000297e+03 nan
4.633280899999999747e+03 nan
4.643965299999999843e+03 nan
4.654674299999999675e+03 nan
4.665408000000000357e+03 nan
4.676166500000000269e+03 nan
4.686949700000000121e+03 nan
4.697757899999999609e+03 nan
4.708591000000000349e+03 nan
4.719448999999999614e+03 nan
4.730332099999999627e+03 nan
4.741240300000000389e+03 nan
4.752173600000000079e+03 nan
4.763132099999999809e+03 nan
4.774115999999999985e+03 nan
4.785125100000000202e+03 nan
4.796159700000000157e+03 nan
4.807219600000000355e+03 nan
4.818305099999999584e+03 nan
4.829416199999999662e+03 nan
4.840552800000000389e+03 nan
4.851715199999999641e+03 nan
4.862903299999999945e+03 nan
4.874117199999999684e+03 nan
4.885356899999999769e+03 nan
4.896622599999999693e+03 nan
4.907914200000000164e+03 nan
4.919231899999999769e+03 nan
4.930575700000000325e+03 nan
4.941945700000000215e+03 nan
4.953341800000000148e+03 nan
4.964764299999999821e+03 nan
4.976213099999999940e+03 nan
4.987688199999999597e+03 nan
4.999189900000000307e+03 nan
5.010718100000000049e+03 nan
5.022272799999999734e+03 nan
5.033854199999999764e+03 nan
5.045462300000000141e+03 nan
5.057097200000000157e+03 nan
5.068758899999999812e+03 nan
5.080447500000000218e+03 nan
5.092162999999999556e+03 nan
5.103905600000000049e+03 nan
5.115675299999999879e+03 nan
5.127471999999999753e+03 nan
5.139296000000000276e+03 nan
5.151147299999999632e+03 nan
5.163025899999999638e+03 nan
5.174931899999999587e+03 nan
5.186865300000000389e+03 nan
5.198826200000000426e+03 nan
5.210814800000000105e+03 nan
5.222830899999999929e+03 nan
5.234874799999999595e+03 nan
5.246946500000000015e+03 nan
5.259046000000000276e+03 nan
5.271173399999999674e+03 nan
5.283328800000000228e+03 nan
5.295512200000000121e+03 nan
5.307723600000000260e+03 nan
5.319963300000000345e+03 nan
5.332231200000000172e+03 nan
5.344527299999999741e+03 nan
5.356851899999999659e+03 nan
5.369204800000000432e+03 nan
5.381586199999999735e+03 nan
5.393996199999999590e+03 nan
5.406434799999999996e+03 nan
5.418902100000000246e+03 nan
5.431398100000000341e+03 nan
5.443922999999999774e+03 nan
5.456476700000000164e+03 nan
5.469059400000000096e+03 nan
5.481671099999999569e+03 nan
5.494311800000000403e+03 nan
5.506981799999999566e+03 nan
5.519680900000000292e+03 nan
5.532409300000000258e+03 nan
5.545167099999999664e+03 nan
5.557954300000000330e+03 nan
5.570770999999999731e+03 nan
5.583617199999999684e+03 nan
5.596493099999999686e+03 nan
5.609398600000000442e+03 nan
5.622333999999999833e+03 nan
5.635299100000000180e+03 nan
5.648294200000000274e+03 nan
5.661319199999999910e+03 nan
5.674374200000000201e+03 nan
5.687459399999999732e+03 nan
5.700574700000000121e+03 nan
5.713720199999999750e+03 nan
5.726896099999999933e+03 nan
5.740102399999999761e+03 nan
5.753339100000000144e+03 nan
5.766606399999999667e+03 nan
5.779904199999999946e+03 nan
5.793232699999999568e+03 nan
5.806591900000000351e+03 nan
5.819981999999999971e+03 nan
5.833402900000000045e+03 nan
5.846854800000000068e+03 nan
5.860337700000000041e+03 nan
5.873851700000000164e+03 nan
5.887396800000000439e+03 nan
5.900973200000000361e+03 nan
5.914580899999999929e+03 nan
5.928219900000000052e+03 nan
5.941890500000000429e+03 nan
5.955592499999999745e+03 nan
5.969326200000000426e+03 nan
5.983091500000000451e+03 nan
5.996888500000000022e+03 nan
6.010717400000000453e+03 nan
6.024578099999999722e+03 nan
6.038470900000000256e+03 nan
6.052395599999999831e+03 nan
6.066352499999999964e+03 nan
6.080341599999999744e+03 nan
6.094362900000000081e+03 nan
6.108416500000000269e+03 nan
6.122502599999999802e+03 nan
6.136621100000000297e+03 nan
6.150772200000000339e+03 nan
6.164955899999999929e+03 nan
6.179172400000000380e+03 nan
6.193421599999999671e+03 nan
6.207703700000000026e+03 nan
6.222018699999999626e+03 nan
6.236366699999999582e+03 nan
6.250747800000000097e+03 nan
6.265162099999999555e+03 nan
6.279609599999999773e+03 nan
6.294090400000000045e+03 nan
6.308604599999999664e+03 nan
6.323152299999999741e+03 nan
6.337733599999999569e+03 nan
6.352348399999999856e+03 nan
6.366997000000000298e+03 nan
6.381679299999999785e+03 nan
6.396395499999999629e+03 nan
6.411145700000000033e+03 nan
6.425929799999999886e+03 nan
6.440748099999999795e+03 nan
6.455600499999999556e+03 nan
6.470487100000000282e+03 nan
6.485408099999999649e+03 nan
6.500363500000000386e+03 nan
6.515353399999999965e+03 nan
6.530377900000000409e+03 nan
6.545436999999999898e+03 nan
6.560530800000000454e+03 nan
6.575659399999999550e+03 nan
6.590823000000000320e+03 nan
6.606021499999999833e+03 nan
6.621255000000000109e+03 nan
6.636523699999999735e+03 nan
6.651827500000000327e+03 nan
6.667166699999999764e+03 nan
6.682541199999999662e+03 nan
6.697951200000000426e+03 nan
6.713396800000000439e+03 nan
6.728877900000000409e+03 nan
6.744394699999999830e+03 nan
6.759947400000000016e+03 nan
6.775535899999999856e+03 nan
6.791160299999999552e+03 nan
6.806820800000000418e+03 nan
6.822517300000000432e+03 nan
6.838250100000000202e+03 nan
6.854019199999999728e+03 nan
6.869824599999999919e+03 nan
6.885666500000000269e+03 nan
6.901544899999999870e+03 nan
6.917459899999999834e+03 nan
6.933411600000000362e+03 nan
6.949400099999999838e+03 nan
6.965425500000000284e+03 nan
6.981487799999999879e+03 nan
6.997587199999999939e+03 nan
7.013723600000000260e+03 nan
7.029897299999999632e+03 nan
7.046108299999999872e+03 nan
7.062356700000000274e+03 nan
7.078642600000000130e+03 nan
7.094966000000000349e+03 nan
7.111327000000000226e+03 nan
7.127725800000000163e+03 nan
7.144162400000000162e+03 nan
7.160636900000000423e+03 nan
7.177149400000000242e+03 nan
7.193699899999999616e+03 nan
7.210288599999999860e+03 nan
7.226915600000000268e+03 nan
7.243580899999999929e+03 nan
7.260284700000000157e+03 nan
7.277027000000000044e+03 nan
7.293807899999999790e+03 nan
7.310627400000000307e+03 nan
7.327485800000000381e+03 nan
7.344382999999999811e+03 nan
7.361319199999999910e+03 nan
7.378294499999999971e+03 nan
7.395308899999999994e+03 nan
7.412362500000000182e+03 nan
7.429455500000000029e+03 nan
7.446587900000000445e+03 nan
7.463759799999999814e+03 nan
7.480971300000000156e+03 nan
7.498222399999999652e+03 nan
7.515513399999999820e+03 nan
7.532844199999999546e+03 nan
7.550215000000000146e+03 nan
7.567625900000000001e+03 nan
7.585076900000000023e+03 nan
7.602568100000000413e+03 nan
7.620099699999999757e+03 nan
7.637671699999999873e+03 nan
7.655284200000000055e+03 nan
7.672937399999999798e+03 nan
7.690631199999999808e+03 nan
7.708365899999999783e+03 nan
7.726141400000000431e+03 nan
7.743957999999999629e+03 nan
7.761815599999999904e+03 nan
7.779714399999999841e+03 nan
7.797654499999999643e+03 nan
7.815635900000000220e+03 nan
7.833658900000000358e+03 nan
7.851723299999999654e+03 nan
7.869829499999999825e+03 nan
7.887977399999999761e+03 nan
7.906167099999999664e+03 nan
7.924398799999999937e+03 nan
7.942672499999999673e+03 nan
7.960988400000000183e+03 nan
7.979346499999999651e+03 nan
7.997746900000000096e+03 nan
8.016189800000000105e+03 nan
8.034675199999999677e+03 nan
8.053203199999999924e+03 nan
8.071773900000000140e+03 nan
8.090387499999999818e+03 nan
8.109043999999999869e+03 nan
8.127743499999999585e+03 nan
8.146486100000000079e+03 nan
8.165271999999999935e+03 nan
8.184101200000000063e+03 nan
8.202973799999999756e+03 nan
8.221889900000000125e+03 nan
8.240849599999999555e+03 nan
8.259853100000000268e+03 nan
8.278900400000000445e+03 nan
8.297991599999999380e+03 nan
8.317126800000000003e+03 nan
8.336306200000000899e+03 nan
8.355529800000000250e+03 nan
8.374797699999999168e+03 nan
8.394110000000000582e+03 nan
8.413466899999999441e+03 nan
8.432868399999999383e+03 nan
8.452314700000000812e+03 nan
8.471805800000000090e+03 nan
8.491341899999999441e+03 nan
8.510923000000000684e+03 nan
8.530549199999999473e+03 nan
8.550220699999999852e+03 nan
8.569937599999999293e+03 nan
8.589699899999999616e+03 nan
8.609507799999999406e+03 nan
8.629361399999999776e+03 nan
8.649260800000000017e+03 nan
8.669206099999999424e+03 nan
8.689197299999999814e+03 nan
8.709234700000000885e+03 nan
8.729318199999999706e+03 nan
8.749448099999999613e+03 nan
8.769624400000000605e+03 nan
8.789847200000000157e+03 nan
8.810116700000000492e+03 nan
8.830432899999999790e+03 nan
8.850795899999999165e+03 nan
8.871205900000000838e+03 nan
8.891663000000000466e+03 nan
8.912167199999999866e+03 nan
8.932718800000000556e+03 nan
8.953317699999999604e+03 nan
8.973964099999999235e+03 nan
8.994658100000000559e+03 nan
9.015399900000000343e+03 nan
9.036189500000000407e+03 nan
9.057027000000000044e+03 nan
9.077912599999999657e+03 nan
9.098846299999999246e+03 nan
9.119828299999999217e+03 nan
9.140858700000000681e+03 nan
9.161937599999999293e+03 nan
9.183065099999999802e+03 nan
9.204241299999999683e+03 nan
9.225466399999999339e+03 nan
9.246740400000000591e+03 nan
9.268063399999999092e+03 nan
9.289435600000000704e+03 nan
9.310857099999999264e+03 nan
9.332327999999999520e+03 nan
9.353848500000000058e+03 nan
9.375418499999999767e+03 nan
9.397038300000000163e+03 nan
9.418707899999999427e+03 nan
9.440427600000000893e+03 nan
9.462197299999999814e+03 nan
9.484017200000000230e+03 nan
9.505887399999999616e+03 nan
9.527808000000000902e+03 nan
9.549779200000000856e+03 nan
9.571801100000000588e+03 nan
9.593873700000000099e+03 nan
9.615997300000000905e+03 nan
9.638171800000000076e+03 nan
9.660397499999999127e+03 nan
9.682674499999999171e+03 nan
9.705002800000000207e+03 nan
9.727382600000000821e+03 nan
9.749814000000000306e+03 nan
9.772297200000000885e+03 nan
9.794832200000000739e+03 nan
9.817419099999999162e+03 nan
9.840058199999999488e+03 nan
9.862749400000000605e+03 nan
9.885493000000000393e+03 nan
9.908289000000000669e+03 nan
9.931137600000000020e+03 nan
9.954038899999999558e+03 nan
9.976993000000000393e+03 nan
1.000000000000000000e+04 nan
